     656.2000000000000455       1.0368009731173515
     656.2002001334222996       1.0060093984939158
     656.2004002668445537       0.9763684272766113
     656.2006004002669215       0.9583048410713673
     656.2008005336891756       1.0105582131072879
     656.2010006671114297       1.0017096905503422
     656.2012008005336838       1.1018693596124649
     656.2014009339560516       1.0206817891448736
     656.2016010673783057       1.0318928956985474
     656.2018012008005599       1.1079559549689293
     656.2020013342228140       0.9770028162747622
     656.2022014676451818       0.9735265187919140
     656.2024016010674359       0.9042996391654015
     656.2026017344896900       1.0234398432075977
     656.2028018679119441       1.0570835061371326
     656.2030020013343119       0.9664070345461369
     656.2032021347565660       0.9320419803261757
     656.2034022681788201       0.8865165486931801
     656.2036024016010742       0.9605667926371098
     656.2038025350234420       0.9551645815372467
     656.2040026684456961       1.0250908043235540
     656.2042028018679503       1.0850214734673500
     656.2044029352902044       0.9955239454284310
     656.2046030687125722       1.0314185209572315
     656.2048032021348263       0.9797479528933764
     656.2050033355570804       0.9570022709667683
     656.2052034689793345       1.0287558771669865
     656.2054036024017023       0.9199920669198036
     656.2056037358239564       0.9739944208413363
     656.2058038692462105       1.0218920186161995
     656.2060040026684646       1.1140681281685829
     656.2062041360907187       0.9667218327522278
     656.2064042695130865       0.9807484243065119
     656.2066044029353407       0.9854281069710851
     656.2068045363575948       1.0739808380603790
     656.2070046697798489       1.1138540655374527
     656.2072048032022167       0.9662209972739220
     656.2074049366244708       0.9959896691143513
     656.2076050700467249       1.1185871958732605
     656.2078052034689790       1.0043186089023948
     656.2080053368913468       0.9108587577939034
     656.2082054703136009       0.9874598011374474
     656.2084056037358550       1.0265463292598724
     656.2086057371581092       1.0792294517159462
     656.2088058705804769       1.0276886671781540
     656.2090060040027311       1.0296669192612171
     656.2092061374249852       1.0362923890352249
     656.2094062708472393       0.8985633105039597
     656.2096064042696071       1.0239754822105169
     656.2098065376918612       1.0300697665661573
     656.2100066711141153       1.0753933563828468
     656.2102068045363694       1.0637132674455643
     656.2104069379587372       1.1007474437355995
     656.2106070713809913       0.9772971644997597
     656.2108072048032454       1.0453542880713940
     656.2110073382254996       0.9142661467194557
     656.2112074716477537       1.0007555543561466
     656.2114076050701215       0.9599263109266758
     656.2116077384923756       0.9594567827880383
     656.2118078719146297       1.0151107404381037
     656.2120080053368838       0.9158597961068153
     656.2122081387592516       1.0647057443857193
     656.2124082721815057       0.9911371767520905
     656.2126084056037598       0.9574113227427006
     656.2128085390260139       1.0533753745257854
     656.2130086724483817       0.9605282582342625
     656.2132088058706358       1.0374347493052483
     656.2134089392928900       0.9464789666235447
     656.2136090727151441       0.9746398143470287
     656.2138092061375119       1.0336071290075779
     656.2140093395597660       1.0001992338075070
     656.2142094729820201       0.9219483584165573
     656.2144096064042742       0.9799589272588491
     656.2146097398266420       1.0250810924917459
     656.2148098732488961       1.0325391404330730
     656.2150100066711502       1.0658283457159996
     656.2152101400934043       1.0465535596013069
     656.2154102735157721       0.9615380093455315
     656.2156104069380262       1.0117004318162799
     656.2158105403602804       1.0148503826931119
     656.2160106737825345       1.0329169742763042
     656.2162108072049023       0.9496840275824070
     656.2164109406271564       0.9882133873179555
     656.2166110740494105       0.9675904773175716
     656.2168112074716646       1.0773359611630440
     656.2170113408939187       0.9561457298696041
     656.2172114743162865       0.9233774244785309
     656.2174116077385406       1.0169653873890638
     656.2176117411607947       0.9737247135490179
     656.2178118745830488       0.9715736079961061
     656.2180120080054166       1.0550006330013275
     656.2182121414276708       0.9805855732411146
     656.2184122748499249       1.0290697552263737
     656.2186124082721790       0.9694260507822037
     656.2188125416945468       1.0174463503062725
     656.2190126751168009       1.0734512358903885
     656.2192128085390550       1.0094863418489695
     656.2194129419613091       1.0942475348711014
     656.2196130753836769       1.0706631392240524
     656.2198132088059310       0.9757881928235292
     656.2200133422281851       1.0107248490676284
     656.2202134756504392       0.9746894929558039
     656.2204136090728070       0.9663577415049076
     656.2206137424950612       0.8464246392250061
     656.2208138759173153       1.0033411141484976
     656.2210140093395694       1.1120181903243065
     656.2212141427619372       0.9646321684122086
     656.2214142761841913       0.9947321652434766
     656.2216144096064454       0.9501903131604195
     656.2218145430286995       1.0481309257447720
     656.2220146764509536       1.0371142104268074
     656.2222148098733214       0.9537124373018742
     656.2224149432955755       0.9585716575384140
     656.2226150767178297       1.0062119890935719
     656.2228152101400838       0.9535002522170544
     656.2230153435624516       1.0416901260614395
     656.2232154769847057       1.0328732803463936
     656.2234156104069598       1.0748419538140297
     656.2236157438292139       1.0273223854601383
     656.2238158772515817       0.9049929827451706
     656.2240160106738358       1.0058370153419673
     656.2242161440960899       1.0260660443454981
     656.2244162775183440       1.0063611096702516
     656.2246164109407118       0.9696842674165964
     656.2248165443629659       1.0513653717935085
     656.2250166777852201       1.0899544283747673
     656.2252168112074742       0.9399931430816650
     656.2254169446298420       0.9249659702181816
     656.2256170780520961       0.9894891511648893
     656.2258172114743502       0.9798362273722887
     656.2260173448966043       1.0334139429032803
     656.2262174783189721       0.9702209588140249
     656.2264176117412262       1.0205109734088182
     656.2266177451634803       0.9671869017183781
     656.2268178785857344       1.0277120321989059
     656.2270180120081022       0.9675309583544731
     656.2272181454303563       0.9309120029211044
     656.2274182788526105       1.0633399933576584
     656.2276184122748646       1.0239617507904768
     656.2278185456971187       1.0522301197052002
     656.2280186791194865       0.9822016116231680
     656.2282188125417406       0.9275598675012589
     656.2284189459639947       1.0003448273346294
     656.2286190793862488       0.9957121242769063
     656.2288192128086166       0.9160641282796860
     656.2290193462308707       1.0145002547651529
     656.2292194796531248       1.0375463478267193
     656.2294196130753789       0.9872262626886368
     656.2296197464977467       0.9806178156286478
     656.2298198799200009       1.0012947552604601
     656.2300200133422550       0.9787505455315113
     656.2302201467645091       1.0165331177413464
     656.2304202801868769       0.9885116992518306
     656.2306204136091310       1.0298611316829920
     656.2308205470313851       1.0538067296147346
     656.2310206804536392       0.9627283997833729
     656.2312208138760070       1.0328387878835201
     656.2314209472982611       0.9888619594275951
     656.2316210807205152       0.9912471473217010
     656.2318212141427693       1.0006403198931366
     656.2320213475651371       0.9964885564986616
     656.2322214809873913       1.0571188703179359
     656.2324216144096454       0.9248732477426529
     656.2326217478318995       0.9614808894693851
     656.2328218812541536       0.9964206221047789
     656.2330220146765214       0.9592157043516636
     656.2332221480987755       1.0474977008998394
     656.2334222815210296       1.0636769533157349
     656.2336224149432837       0.9721452612429857
     656.2338225483656515       0.9872688921168447
     656.2340226817879056       1.0556545369327068
     656.2342228152101598       1.0781517699360847
     656.2344229486324139       1.0610426329076290
     656.2346230820547817       0.9776168204843998
     656.2348232154770358       0.9788979180157185
     656.2350233488992899       0.9408319890499115
     656.2352234823215440       1.0121006770059466
     656.2354236157439118       0.8956623151898384
     656.2356237491661659       1.0680331364274025
     656.2358238825884200       1.0116407889872789
     656.2360240160106741       1.1070082709193230
     656.2362241494330419       1.0610151365399361
     656.2364242828552960       1.0211979877203703
     656.2366244162775502       0.9172594919800758
     656.2368245496998043       1.0107602737843990
     656.2370246831221721       1.0676372870802879
     656.2372248165444262       1.0172536019235849
     656.2374249499666803       1.0071747675538063
     656.2376250833889344       0.9049100056290627
     656.2378252168113022       1.0249488241970539
     656.2380253502335563       1.0252966787666082
     656.2382254836558104       0.9646887965500355
     656.2384256170780645       0.9926583832129836
     656.2386257505003186       1.0254134591668844
     656.2388258839226864       1.0233820155262947
     656.2390260173449406       0.9803906772285700
     656.2392261507671947       1.0006651046569459
     656.2394262841894488       0.9859819943085313
     656.2396264176118166       0.9561905115842819
     656.2398265510340707       0.9895261116325855
     656.2400266844563248       0.9157800376415253
     656.2402268178785789       1.0876039415597916
     656.2404269513009467       1.0630788728594780
     656.2406270847232008       1.0315383113920689
     656.2408272181454549       0.9764351062476635
     656.2410273515677090       0.9645229354500771
     656.2412274849900768       1.0676946491003036
     656.2414276184123310       0.9732011165469885
     656.2416277518345851       1.0098802959546447
     656.2418278852568392       1.0558002665638924
     656.2420280186792070       1.0171950887888670
     656.2422281521014611       0.8534794151782990
     656.2424282855237152       1.0366841480135918
     656.2426284189459693       0.9935911423526704
     656.2428285523683371       1.0069986232556403
     656.2430286857905912       1.0550417564809322
     656.2432288192128453       1.0241836812347174
     656.2434289526350994       1.0347522832453251
     656.2436290860574672       1.0690328404307365
     656.2438292194797214       0.9223418235778809
     656.2440293529019755       1.0182633586227894
     656.2442294863242296       1.0390096753835678
     656.2444296197464837       1.0390645712614059
     656.2446297531688515       1.0228456016629934
     656.2448298865911056       1.0112460954114795
     656.2450300200133597       0.9928779765032232
     656.2452301534356138       0.9824494253844023
     656.2454302868579816       1.0100420396775007
     656.2456304202802357       1.0486994944512844
     656.2458305537024899       1.0659911409020424
     656.2460306871247440       0.9602389447391033
     656.2462308205471118       0.9594551064074039
     656.2464309539693659       1.0265351571142673
     656.2466310873916200       0.9928585938178003
     656.2468312208138741       1.0514578893780708
     656.2470313542362419       1.0357960276305676
     656.2472314876584960       0.9491827227175236
     656.2474316210807501       1.0887459963560104
     656.2476317545030042       1.1211294457316399
     656.2478318879253720       0.9749751538038254
     656.2480320213476261       1.0930051654577255
     656.2482321547698803       0.9418509192764759
     656.2484322881921344       0.9618897140026093
     656.2486324216145022       1.0117663014680147
     656.2488325550367563       0.9358227178454399
     656.2490326884590104       0.9842084869742393
     656.2492328218812645       0.9227156415581703
     656.2494329553035186       1.0543216429650784
     656.2496330887258864       1.0214236620813608
     656.2498332221481405       1.1166672110557556
     656.2500333555703946       1.0051048249006271
     656.2502334889926487       0.9422663487493992
     656.2504336224150165       1.0044045839458704
     656.2506337558372707       1.0772474706172943
     656.2508338892595248       0.9942339030094445
     656.2510340226817789       0.9957045675255358
     656.2512341561041467       0.9927022797055542
     656.2514342895264008       1.0185532812029123
     656.2516344229486549       1.1068521291017532
     656.2518345563709090       0.9200016185641289
     656.2520346897932768       1.0458120629191399
     656.2522348232155309       1.0828845649957657
     656.2524349566377850       1.0465329587459564
     656.2526350900600391       0.9698089361190796
     656.2528352234824069       0.9775780979543924
     656.2530353569046611       0.9904162725433707
     656.2532354903269152       0.9406957253813744
     656.2534356237491693       0.9581107124686241
     656.2536357571715371       0.9334459081292152
     656.2538358905937912       1.0559289716184139
     656.2540360240160453       1.0207823291420937
     656.2542361574382994       1.0205134898424149
     656.2544362908606672       0.9875695910304785
     656.2546364242829213       1.0508844554424286
     656.2548365577051754       1.0287536140531301
     656.2550366911274295       1.0179070066660643
     656.2552368245496837       0.9794521257281303
     656.2554369579720515       1.0302553679794073
     656.2556370913943056       0.9686265327036381
     656.2558372248165597       1.0205542482435703
     656.2560373582388138       0.9957690513692796
     656.2562374916611816       0.9736894667148590
     656.2564376250834357       1.0047248457558453
     656.2566377585056898       0.9856821624562144
     656.2568378919279439       0.9920709365978837
     656.2570380253503117       0.9497005976736546
     656.2572381587725658       1.0338663756847382
     656.2574382921948200       0.9089897647500038
     656.2576384256170741       1.0438168309628963
     656.2578385590394419       1.0786309391260147
     656.2580386924616960       1.0409497655928135
     656.2582388258839501       0.9815773013979197
     656.2584389593062042       1.0303891655057669
     656.2586390927285720       1.0108581492677331
     656.2588392261508261       0.9782051295042038
     656.2590393595730802       0.9868718320503831
     656.2592394929953343       0.9267980083823204
     656.2594396264177021       1.0463574640452862
     656.2596397598399562       0.9652171097695827
     656.2598398932622104       0.9411344453692436
     656.2600400266844645       0.9823123272508383
     656.2602401601067186       1.0584406666457653
     656.2604402935290864       1.0061466894112527
     656.2606404269513405       1.0859803482890129
     656.2608405603735946       1.0321727357804775
     656.2610406937958487       0.9904500041157007
     656.2612408272182165       1.0398222617805004
     656.2614409606404706       1.0149946436285973
     656.2616410940627247       1.0114880809560418
     656.2618412274849788       0.9804780445992947
     656.2620413609073466       0.9992450879071839
     656.2622414943296008       1.0272032413631678
     656.2624416277518549       0.9768237471580505
     656.2626417611741090       0.9857261450961232
     656.2628418945964768       0.9281969368457794
     656.2630420280187309       1.0198370385915041
     656.2632421614409850       0.9731297604739666
     656.2634422948632391       1.0084384819492698
     656.2636424282856069       0.9502847008407116
     656.2638425617078610       1.0635845214128494
     656.2640426951301151       1.0610664747655392
     656.2642428285523692       0.9704589806497097
     656.2644429619747370       0.9013328924775124
     656.2646430953969912       1.0177276860922575
     656.2648432288192453       0.9582715034484863
     656.2650433622414994       1.0535525381565094
     656.2652434956638672       1.0860726535320282
     656.2654436290861213       0.9848133977502584
     656.2656437625083754       1.0081948144361377
     656.2658438959306295       1.0258827991783619
     656.2660440293528836       1.0338097885251045
     656.2662441627752514       0.9471937119960785
     656.2664442961975055       1.0019401932368055
     656.2666444296197596       0.9716431666165590
     656.2668445630420138       0.9820443037897348
     656.2670446964643816       0.9712984710931778
     656.2672448298866357       0.8517237901687622
     656.2674449633088898       1.0135677447542548
     656.2676450967311439       0.9857310457155108
     656.2678452301535117       1.0065900064073503
     656.2680453635757658       1.1094346866011620
     656.2682454969980199       1.0353667251765728
     656.2684456304202740       0.9519960470497608
     656.2686457638426418       1.0609376132488251
     656.2688458972648959       1.1171488687396049
     656.2690460306871501       0.9226686954498291
     656.2692461641094042       1.0030643630307168
     656.2694462975317720       0.9547151960432529
     656.2696464309540261       0.9567121565341949
     656.2698465643762802       0.9872890040278435
     656.2700466977985343       0.9197032824158669
     656.2702468312209021       1.0011275131255388
     656.2704469646431562       1.0629291832447052
     656.2706470980654103       0.9994262552354485
     656.2708472314876644       0.9728815220296383
     656.2710473649099185       1.0124573688954115
     656.2712474983322863       1.0439053587615490
     656.2714476317545405       1.0011556787649170
     656.2716477651767946       1.0060969605110586
     656.2718478985990487       0.8968041911721230
     656.2720480320214165       1.0035792978014797
     656.2722481654436706       1.0843710303306580
     656.2724482988659247       0.9674970172345638
     656.2726484322881788       1.0499268695712090
     656.2728485657105466       0.9465767741203308
     656.2730486991328007       1.0208682902157307
     656.2732488325550548       0.9596454724669456
     656.2734489659773089       1.0405923686921597
     656.2736490993996767       1.0223766583949327
     656.2738492328219309       0.9765345752239227
     656.2740493662441850       0.9447738528251648
     656.2742494996664391       1.0221733432263136
     656.2744496330888069       1.0512011423707008
     656.2746497665110610       0.9777056090533733
     656.2748498999333151       1.0343694463372231
     656.2750500333555692       1.0111311962828040
     656.2752501667779370       1.0677451789379120
     656.2754503002001911       0.9906897721812129
     656.2756504336224452       0.9984136075945571
     656.2758505670446993       1.0157595984637737
     656.2760507004670671       0.9478709697723389
     656.2762508338893213       1.0057495771907270
     656.2764509673115754       1.0586685054004192
     656.2766511007338295       0.9921753462404013
     656.2768512341560836       1.0350910536944866
     656.2770513675784514       0.9175689816474915
     656.2772515010007055       1.1346578896045685
     656.2774516344229596       0.9974234527908266
     656.2776517678452137       0.9315135404467583
     656.2778519012675815       0.9592016264796257
     656.2780520346898356       0.9320533052086830
     656.2782521681120897       1.0407776162028313
     656.2784523015343439       1.0213062930852175
     656.2786524349567117       0.9358014985918999
     656.2788525683789658       1.0175459515303373
     656.2790527018012199       0.9829720277339220
     656.2792528352234740       0.9917958388105035
     656.2794529686458418       1.0511685684323311
     656.2796531020680959       0.9518702812492847
     656.2798532354903500       0.9829261396080256
     656.2800533689126041       0.9597620032727718
     656.2802535023349719       1.0181957017630339
     656.2804536357572260       1.0397305861115456
     656.2806537691794802       0.9063238427042961
     656.2808539026017343       1.0596155226230621
     656.2810540360241021       1.0145468665286899
     656.2812541694463562       0.9702756758779287
     656.2814543028686103       1.0927885621786118
     656.2816544362908644       1.0200164299458265
     656.2818545697131185       1.0100050671026111
     656.2820547031354863       0.9199051260948181
     656.2822548365577404       1.0560382902622223
     656.2824549699799945       0.9849197352305055
     656.2826551034022486       0.9992485541733913
     656.2828552368246164       1.0492874868214130
     656.2830553702468706       0.9963197058532387
     656.2832555036691247       0.9819483198225498
     656.2834556370913788       0.9664570726454258
     656.2836557705137466       1.0034817163832486
     656.2838559039360007       0.9940698412247002
     656.2840560373582548       1.0764927715063095
     656.2842561707805089       1.0104319369420409
     656.2844563042028767       0.9392517134547234
     656.2846564376251308       1.0859457626938820
     656.2848565710473849       1.0610765032470226
     656.2850567044696390       0.9904202055186033
     656.2852568378920068       1.0370982512831688
     656.2854569713142610       1.0819761678576469
     656.2856571047365151       1.0045772483572364
     656.2858572381587692       1.0610168762505054
     656.2860573715811370       0.9499237947165966
     656.2862575050033911       1.0460904091596603
     656.2864576384256452       1.0579641535878181
     656.2866577718478993       1.0266204774379730
     656.2868579052702671       1.0711638256907463
     656.2870580386925212       1.0043131327256560
     656.2872581721147753       1.0760329812765121
     656.2874583055370294       1.0780327543616295
     656.2876584389592836       0.9616691991686821
     656.2878585723816514       0.9928750647231936
     656.2880587058039055       0.9879812002182007
     656.2882588392261596       1.0013491533463821
     656.2884589726484137       1.0460822246968746
     656.2886591060707815       0.9519043453037739
     656.2888592394930356       0.9828539956361055
     656.2890593729152897       1.0683096200227737
     656.2892595063375438       1.0314928703010082
     656.2894596397599116       1.0487210527062416
     656.2896597731821657       1.0133609101176262
     656.2898599066044198       1.0576792135834694
     656.2900600400266740       1.1059332713484764
     656.2902601734490418       1.0198354516178370
     656.2904603068712959       0.9909374462440610
     656.2906604402935500       1.0610899738967419
     656.2908605737158041       1.0881262123584747
     656.2910607071381719       0.9176322296261787
     656.2912608405604260       0.9619808271527290
     656.2914609739826801       1.0486034341156483
     656.2916611074049342       1.0136271808296442
     656.2918612408273020       0.9482698664069176
     656.2920613742495561       0.9634556695818901
     656.2922615076718103       0.9870452145114541
     656.2924616410940644       1.0579393319785595
     656.2926617745164322       0.9752262495458126
     656.2928619079386863       0.9099784940481186
     656.2930620413609404       0.9865078041329980
     656.2932621747831945       0.9549243673682213
     656.2934623082054486       0.9811692051589489
     656.2936624416278164       0.9918418498709798
     656.2938625750500705       0.9928073463961482
     656.2940627084723246       0.9272083938121796
     656.2942628418945787       0.9863716913387179
     656.2944629753169465       0.9528983533382416
     656.2946631087392007       0.9939587186090648
     656.2948632421614548       1.0791892632842064
     656.2950633755837089       1.0117124253883958
     656.2952635090060767       0.9983236187836155
     656.2954636424283308       0.9613044634461403
     656.2956637758505849       1.0907106325030327
     656.2958639092728390       1.0193187277764082
     656.2960640426952068       1.0167069528251886
     656.2962641761174609       1.0458019226789474
     656.2964643095397150       0.9938319632783532
     656.2966644429619691       0.9400772862136364
     656.2968645763843369       0.9381438717246056
     656.2970647098065911       1.0575883351266384
     656.2972648432288452       1.0259283371269703
     656.2974649766510993       0.9897442432120442
     656.2976651100734671       1.0397545807063580
     656.2978652434957212       0.9411704577505589
     656.2980653769179753       1.0213445052504539
     656.2982655103402294       0.9538530521094799
     656.2984656437624835       0.9648209065198898
     656.2986657771848513       0.9897210830822587
     656.2988659106071054       1.0629568248987198
     656.2990660440293595       1.0237342212349176
     656.2992661774516137       1.0063930363394320
     656.2994663108739815       0.9605950787663460
     656.2996664442962356       0.9538332223892212
     656.2998665777184897       0.9794990159571171
     656.3000667111407438       0.9506496898829937
     656.3002668445631116       1.0135605353862047
     656.3004669779853657       1.0687845274806023
     656.3006671114076198       0.9824697915464640
     656.3008672448298739       0.9368843585252762
     656.3010673782522417       1.0823415666818619
     656.3012675116744958       1.0246472600847483
     656.3014676450967499       0.8782463669776917
     656.3016677785190041       0.9706920702010393
     656.3018679119413719       1.0303093083202839
     656.3020680453636260       0.9580236710608006
     656.3022681787858801       1.0014463347615674
     656.3024683122081342       0.9618775770068169
     656.3026684456305020       1.0160307474434376
     656.3028685790527561       0.8860052824020386
     656.3030687124750102       0.9589841999113560
     656.3032688458972643       0.9242502823472023
     656.3034689793196321       0.9810548685491085
     656.3036691127418862       0.8785630911588669
     656.3038692461641403       0.9723446909338236
     656.3040693795863945       0.9502688460052013
     656.3042695130086486       0.9758902881294489
     656.3044696464310164       1.0303625259548426
     656.3046697798532705       1.0335747823119164
     656.3048699132755246       0.9802965018898248
     656.3050700466977787       1.0076379962265489
     656.3052701801201465       1.0151859894394870
     656.3054703135424006       1.0237176809459920
     656.3056704469646547       0.9912947695702308
     656.3058705803869088       1.0564197078347197
     656.3060707138092766       0.9066071510314926
     656.3062708472315308       0.9442258812487102
     656.3064709806537849       1.0855573937296832
     656.3066711140760390       1.0077270762994832
     656.3068712474984068       1.0157010983675641
     656.3070713809206609       1.0188952498137835
     656.3072715143429150       1.0178100522607396
     656.3074716477651691       1.0149307725950827
     656.3076717811875369       0.9521765224635236
     656.3078719146097910       0.9790703188627423
     656.3080720480320451       1.0162354893981629
     656.3082721814542992       0.9924641288815790
     656.3084723148766670       1.0006828251060305
     656.3086724482989212       0.9515877254304866
     656.3088725817211753       0.9931735047135749
     656.3090727151434294       1.0318947844202266
     656.3092728485656835       0.9704187829040214
     656.3094729819880513       1.0438339933742635
     656.3096731154103054       0.9672309309229288
     656.3098732488325595       1.0994229391195987
     656.3100733822548136       0.9790944606035467
     656.3102735156771814       0.9340641573028423
     656.3104736490994355       0.9948378167985410
     656.3106737825216896       0.9634093195113578
     656.3108739159439438       0.9619011692580862
     656.3110740493663116       0.9723112545735895
     656.3112741827885657       0.8812580927965493
     656.3114743162108198       0.9294416680594568
     656.3116744496330739       1.0402825474267585
     656.3118745830554417       0.9413833803771503
     656.3120747164776958       0.9386581479589665
     656.3122748498999499       0.9407767093405134
     656.3124749833222040       1.0607059596217123
     656.3126751167445718       0.8811927658882519
     656.3128752501668259       1.0077280375573749
     656.3130753835890800       0.9546699593864547
     656.3132755170113342       0.9945108190444006
     656.3134756504337020       1.0035790431617775
     656.3136757838559561       0.9111072409433512
     656.3138759172782102       1.0333727992151094
     656.3140760507004643       1.0330388934322245
     656.3142761841228321       0.9528997585971836
     656.3144763175450862       1.0285266337900452
     656.3146764509673403       1.0080674806108028
     656.3148765843895944       0.8794385571135942
     656.3150767178118485       1.0459570454798852
     656.3152768512342163       1.0056855459043645
     656.3154769846564704       0.9130890722588033
     656.3156771180787246       1.0350730456188755
     656.3158772515009787       0.9754076974046415
     656.3160773849233465       1.0444303172575964
     656.3162775183456006       1.0286991861310302
     656.3164776517678547       1.0257627339421163
     656.3166777851901088       1.0112168817894560
     656.3168779186124766       0.9884631833772641
     656.3170780520347307       0.9751458280643763
     656.3172781854569848       0.9417258636137855
     656.3174783188792389       1.0131946705384984
     656.3176784523016067       0.9831724860677055
     656.3178785857238609       1.0238244805856302
     656.3180787191461150       1.0185040092722524
     656.3182788525683691       1.0252733352232895
     656.3184789859907369       0.8988899912674112
     656.3186791194129910       1.0034539407743126
     656.3188792528352451       0.9954403239174058
     656.3190793862574992       1.0381392403291629
     656.3192795196798670       1.0062002032062645
     656.3194796531021211       1.0445226006178396
     656.3196797865243752       1.1286741082164440
     656.3198799199466293       1.0004591182694882
     656.3200800533688835       1.0463056587947237
     656.3202801867912513       0.8996856548849040
     656.3204803202135054       1.0092537342964252
     656.3206804536357595       0.9586641910025769
     656.3208805870580136       1.1123778247774694
     656.3210807204803814       0.9536393586404223
     656.3212808539026355       0.9426005514753684
     656.3214809873248896       0.9366799656142193
     656.3216811207471437       1.0064317183886025
     656.3218812541695115       0.9541651700977118
     656.3220813875917656       1.0018114227795780
     656.3222815210140197       1.0455408198166811
     656.3224816544362739       1.0448721424404468
     656.3226817878586417       1.1425711654230428
     656.3228819212808958       1.0802155952304657
     656.3230820547031499       1.0003791147957739
     656.3232821881254040       0.9553727130350359
     656.3234823215477718       1.0398238496447663
     656.3236824549700259       1.0807658340403390
     656.3238825883922800       1.0367875408441087
     656.3240827218145341       1.0415291809281466
     656.3242828552369019       0.9417162086463761
     656.3244829886591560       1.0606582164792209
     656.3246831220814101       0.9603046847523445
     656.3248832555036643       1.0272735126181098
     656.3250833889260321       1.0618928648966244
     656.3252835223482862       1.0464153461989585
     656.3254836557705403       0.9753655448284904
     656.3256837891927944       1.0096718639070759
     656.3258839226150485       0.9725349695848513
     656.3260840560374163       1.0750671250544572
     656.3262841894596704       1.0432098057393742
     656.3264843228819245       1.0624313818360247
     656.3266844563041786       0.9731054624372524
     656.3268845897265464       1.0578050375761769
     656.3270847231488005       0.9736109494062377
     656.3272848565710547       1.0372705035143643
     656.3274849899933088       0.9314444087229670
     656.3276851234156766       1.0726554657232645
     656.3278852568379307       0.9460292576386066
     656.3280853902601848       0.9668554726567923
     656.3282855236824389       0.9746632053621708
     656.3284856571048067       0.9195157947394088
     656.3286857905270608       1.0212749711983053
     656.3288859239493149       0.9987758540556303
     656.3290860573715690       0.9799852241917832
     656.3292861907939368       1.0918423455409378
     656.3294863242161910       0.8317742324538516
     656.3296864576384451       1.0253895128257873
     656.3298865910606992       0.9253084352606462
     656.3300867244830670       0.9961831038038824
     656.3302868579053211       0.9484064441597128
     656.3304869913275752       0.9682852797693412
     656.3306871247498293       1.0119494084124083
     656.3308872581721971       1.0603105055288280
     656.3310873915944512       0.9579770245366570
     656.3312875250167053       0.9517258711276346
     656.3314876584389594       0.9655185668994196
     656.3316877918612136       0.9863064764741608
     656.3318879252835814       1.0045659751122598
     656.3320880587058355       0.9612440635395137
     656.3322881921280896       0.8383266170518781
     656.3324883255503437       0.9879146257003225
     656.3326884589727115       0.8949942538410416
     656.3328885923949656       0.9253681754137135
     656.3330887258172197       0.9062507793628822
     656.3332888592394738       0.8852660155901353
     656.3334889926618416       0.8526521531225627
     656.3336891260840957       0.8709675005129820
     656.3338892595063498       0.8753805576221680
     656.3340893929286040       0.9723227022521532
     656.3342895263509718       0.8660198289224070
     656.3344896597732259       0.8571135169523868
     656.3346897931954800       0.8147368756740532
     656.3348899266177341       0.8939941873072469
     656.3350900600401019       0.8702899793426400
     656.3352901934623560       0.8563354178615928
     656.3354903268846101       0.8352195802717692
     656.3356904603068642       0.8098730949827643
     656.3358905937292320       0.8197152345059562
     656.3360907271514861       0.7977865405877633
     656.3362908605737402       0.7662650435615198
     656.3364909939959944       0.8206592217169814
     656.3366911274182485       0.8025865243424096
     656.3368912608406163       0.7271633547586792
     656.3370913942628704       0.7456796030185177
     656.3372915276851245       0.8265932623861831
     656.3374916611073786       0.8212464991035300
     656.3376917945297464       0.8135837384349640
     656.3378919279520005       0.7403932499297481
     656.3380920613742546       0.8142826431310773
     656.3382921947965087       0.9066264898938496
     656.3384923282188765       0.8240917407001678
     656.3386924616411306       0.8210247867980935
     656.3388925950633848       0.8902388636790881
     656.3390927284856389       0.8089653438794822
     656.3392928619080067       0.8040868519751466
     656.3394929953302608       0.8209198300888960
     656.3396931287525149       0.7203766829721264
     656.3398932621747690       0.8500461198556704
     656.3400933955971368       0.8429711381317790
     656.3402935290193909       0.9587207924477583
     656.3404936624416450       0.8337545754908746
     656.3406937958638991       0.8601524059006058
     656.3408939292862669       0.8621110048822818
     656.3410940627085211       0.8846505766915699
     656.3412941961307752       0.9149824948504744
     656.3414943295530293       0.8068631901989329
     656.3416944629753971       0.9410732474756712
     656.3418945963976512       0.8706827984830627
     656.3420947298199053       0.8635106573486566
     656.3422948632421594       0.8517591925475028
     656.3424949966644135       0.9105775050034646
     656.3426951300867813       0.9335418770044813
     656.3428952635090354       0.8960851809679745
     656.3430953969312895       0.9480161110025609
     656.3432955303535437       0.9488486633105763
     656.3434956637759115       0.9846586777942865
     656.3436957971981656       0.9654649202318203
     656.3438959306204197       0.9430652312861258
     656.3440960640426738       0.9573003225811973
     656.3442961974650416       0.9119020108630633
     656.3444963308872957       1.0637070228936216
     656.3446964643095498       1.0404782147425307
     656.3448965977318039       0.9856577863212433
     656.3450967311541717       0.9473155545619945
     656.3452968645764258       0.9325298076320361
     656.3454969979986799       0.9166975473381525
     656.3456971314209341       0.9739902032016847
     656.3458972648433019       0.9564952272779659
     656.3460973982655560       0.9639263418860988
     656.3462975316878101       1.0063672685781304
     656.3464976651100642       1.0492901600647639
     656.3466977985324320       0.9449480751926159
     656.3468979319546861       1.0011699263105305
     656.3470980653769402       1.0207608826095043
     656.3472981987991943       0.9928406490756980
     656.3474983322214484       0.9785101168525595
     656.3476984656438162       0.9943211376741472
     656.3478985990660703       1.0180670812739367
     656.3480987324883245       1.0145106776223272
     656.3482988659105786       1.0067221103098816
     656.3484989993329464       0.9719595390026208
     656.3486991327552005       1.0272182220092618
     656.3488992661774546       0.9654554519351173
     656.3490993995997087       1.0328600775346075
     656.3492995330220765       1.0065545949423322
     656.3494996664443306       1.0102967650475625
     656.3496997998665847       0.9650840094535778
     656.3498999332888388       1.0230938403998460
     656.3501000667112066       1.0105151754988815
     656.3503002001334607       0.9556079810947801
     656.3505003335557149       1.0159965168689098
     656.3507004669779690       1.0335337771114363
     656.3509006004003368       0.9309372744471462
     656.3511007338225909       0.9831765952857734
     656.3513008672448450       0.9780685691673278
     656.3515010006670991       1.0151041883602048
     656.3517011340894669       1.0184274958102888
     656.3519012675117210       0.9658580297842225
     656.3521014009339751       0.9754372911688743
     656.3523015343562292       1.0047410615964378
     656.3525016677785970       1.0130448473789475
     656.3527018012008512       0.9518456926580128
     656.3529019346231053       1.1068240330491816
     656.3531020680453594       1.0107570264039090
     656.3533022014676135       0.9967565759036109
     656.3535023348899813       1.0658839288151434
     656.3537024683122354       0.9155401392608753
     656.3539026017344895       1.0084824503143730
     656.3541027351567436       0.9502898890017599
     656.3543028685791114       0.9841110993976410
     656.3545030020013655       1.0331470128123201
     656.3547031354236196       1.0243417927262066
     656.3549032688458738       0.9860759097868619
     656.3551034022682416       1.0087179462262190
     656.3553035356904957       1.0084534132200569
     656.3555036691127498       0.9673528742871914
     656.3557038025350039       1.0342951611704851
     656.3559039359573717       0.9868643774665298
     656.3561040693796258       1.0759941773985378
     656.3563042028018799       1.0072524684142727
     656.3565043362241340       1.0119107811203003
     656.3567044696465018       1.0313285388617528
     656.3569046030687559       1.0632132584627452
     656.3571047364910100       0.9721848471589920
     656.3573048699132642       1.0176543968015381
     656.3575050033356320       1.0126283682059003
     656.3577051367578861       1.0463165616891521
     656.3579052701801402       1.0265105995848285
     656.3581054036023943       1.0873544453277628
     656.3583055370246484       0.9554669042229542
     656.3585056704470162       1.0224978487053533
     656.3587058038692703       1.0101036273099435
     656.3589059372915244       0.9671330236396989
     656.3591060707137785       0.9587514050500937
     656.3593062041361463       1.0472830357311880
     656.3595063375584004       0.9342711165055673
     656.3597064709806546       1.0409538157260632
     656.3599066044029087       1.0496966426564689
     656.3601067378252765       0.9507295820540136
     656.3603068712475306       0.9768176599210463
     656.3605070046697847       0.9659935756728283
     656.3607071380920388       1.0583538810212931
     656.3609072715144066       0.9907793447624734
     656.3611074049366607       1.0953083681398657
     656.3613075383589148       0.9586184674583820
     656.3615076717811689       1.0119142274744179
     656.3617078052035367       1.0049872952838181
     656.3619079386257908       1.0098682139659250
     656.3621080720480450       0.9446087177715858
     656.3623082054702991       0.9672918736253274
     656.3625083388926669       0.9568049549857928
     656.3627084723149210       0.8982588855673681
     656.3629086057371751       1.0137266551003812
     656.3631087391594292       1.0281948680378845
     656.3633088725817970       1.0401442603141473
     656.3635090060040511       1.0290347239779205
     656.3637091394263052       1.0378615517388425
     656.3639092728485593       0.9507275854482765
     656.3641094062708135       1.0676600782215413
     656.3643095396931813       1.0584019979988126
     656.3645096731154354       0.9705288055319925
     656.3647098065376895       0.9860257207653381
     656.3649099399599436       0.9485769457616953
     656.3651100733823114       0.9862044984118072
     656.3653102068045655       0.9506139904005851
     656.3655103402268196       0.9654284864482547
     656.3657104736490737       0.9461341537406176
     656.3659106070714415       1.0495863668529126
     656.3661107404936956       0.9165063798362905
     656.3663108739159497       0.9849556395738398
     656.3665110073382039       0.8599898517099704
     656.3667111407605717       0.9637645818270564
     656.3669112741828258       0.9415076188727340
     656.3671114076050799       1.0238530039776277
     656.3673115410273340       1.0208674222223237
     656.3675116744497018       0.9629146568471821
     656.3677118078719559       1.0026488441504569
     656.3679119412942100       1.0313497632739372
     656.3681120747164641       0.9658795781431820
     656.3683122081388319       0.9887515492736081
     656.3685123415610860       0.9916904112323287
     656.3687124749833401       0.9295135438441661
     656.3689126084055943       1.0280799921601622
     656.3691127418278484       0.9978134916163716
     656.3693128752502162       1.0166222341358482
     656.3695130086724703       1.0477753169834492
     656.3697131420947244       0.9019247591495432
     656.3699132755169785       0.9720040056854431
     656.3701134089393463       0.9883744111284576
     656.3703135423616004       0.9551902748644326
     656.3705136757838545       1.0271550025790912
     656.3707138092061086       1.0170768182724703
     656.3709139426284764       1.0114851985126725
     656.3711140760507305       0.9573389030992980
     656.3713142094729847       0.9561582356691357
     656.3715143428952388       0.9394297301769254
     656.3717144763176066       0.9841838795691727
     656.3719146097398607       1.0289419125765562
     656.3721147431621148       1.0359695740044117
     656.3723148765843689       1.0245601609349251
     656.3725150100067367       0.9709497243165970
     656.3727151434289908       1.0536897145211697
     656.3729152768512449       1.0258761104196310
     656.3731154102734990       0.9802899956703186
     656.3733155436958668       0.9872817648574710
     656.3735156771181209       0.9277447313070297
     656.3737158105403751       1.0461423955857754
     656.3739159439626292       1.0438840948045254
     656.3741160773849970       1.1028993651270866
     656.3743162108072511       1.0181341469287872
     656.3745163442295052       1.0385458245873451
     656.3747164776517593       0.9164500012993813
     656.3749166110740134       0.9635815657675266
     656.3751167444963812       1.1258956491947174
     656.3753168779186353       0.9662849642336369
     656.3755170113408894       0.9995576742512640
     656.3757171447631436       1.0589188709855080
     656.3759172781855113       1.0265249367803335
     656.3761174116077655       1.0208243168890476
     656.3763175450300196       1.0165812801569700
     656.3765176784522737       0.9862305773422122
     656.3767178118746415       1.0243384223431349
     656.3769179452968956       0.9895810149610043
     656.3771180787191497       0.9956667446531355
     656.3773182121414038       0.9860432231798768
     656.3775183455637716       1.0248950030654669
     656.3777184789860257       1.1109236702322960
     656.3779186124082798       1.0358066447079182
     656.3781187458305340       1.0929700136184692
     656.3783188792529018       0.9590618275105953
     656.3785190126751559       1.0109911253675818
     656.3787191460974100       0.9659591354429722
     656.3789192795196641       0.9575122483074665
     656.3791194129420319       0.9987056397367269
     656.3793195463642860       1.0686348229646683
     656.3795196797865401       0.9690579194575548
     656.3797198132087942       0.9998570310854120
     656.3799199466311620       0.9031718894839287
     656.3801200800534161       0.9751211199909449
     656.3803202134756702       1.0127391340211034
     656.3805203468979244       1.0072138025425375
     656.3807204803201785       1.0892912000417709
     656.3809206137425463       0.9182066097855568
     656.3811207471648004       0.9744153283536434
     656.3813208805870545       0.9991668814909644
     656.3815210140093086       1.0112718390300870
     656.3817211474316764       1.0485214069485664
     656.3819212808539305       0.9634504653513432
     656.3821214142761846       0.9509942419826984
     656.3823215476984387       1.0237517487257719
     656.3825216811208065       1.0316677428781986
     656.3827218145430606       0.9685112684965134
     656.3829219479653148       0.9704315215349197
     656.3831220813875689       1.0228447709232569
     656.3833222148099367       1.0273646246641874
     656.3835223482321908       0.9881181316450238
     656.3837224816544449       1.0057595223188400
     656.3839226150766990       0.9591177105903625
     656.3841227484990668       0.9925263528712094
     656.3843228819213209       1.0509057044982910
     656.3845230153435750       0.9426511451601982
     656.3847231487658291       0.9557804651558399
     656.3849232821881969       1.0252401269972324
     656.3851234156104510       1.0051626092754304
     656.3853235490327052       1.0359539128839970
     656.3855236824549593       0.9872672706842422
     656.3857238158772134       0.9485717117786407
     656.3859239492995812       1.0560211837291718
     656.3861240827218353       1.0311862025409937
     656.3863242161440894       0.9671038724482059
     656.3865243495663435       0.8488077670335770
     656.3867244829887113       0.8925709202885628
     656.3869246164109654       0.9477546326816082
     656.3871247498332195       0.9777554348111153
     656.3873248832554737       0.9561249986290932
     656.3875250166778414       0.9837587755173445
     656.3877251501000956       1.0991763323545456
     656.3879252835223497       0.9165598899126053
     656.3881254169446038       1.0365385152399540
     656.3883255503669716       0.9788162205368280
     656.3885256837892257       0.9314260631799698
     656.3887258172114798       0.9613775797188282
     656.3889259506337339       0.9887709645554423
     656.3891260840561017       0.9739452023059130
     656.3893262174783558       1.0536889694631100
     656.3895263509006099       1.0315110571682453
     656.3897264843228641       1.0140169067308307
     656.3899266177452319       1.0423105470836163
     656.3901267511674860       1.0748893395066261
     656.3903268845897401       0.9645621515810490
     656.3905270180119942       1.0331186987459660
     656.3907271514343620       1.0222891215234995
     656.3909272848566161       1.0184142049401999
     656.3911274182788702       1.0495603866875172
     656.3913275517011243       0.9958780324086547
     656.3915276851233784       0.9412953965365887
     656.3917278185457462       1.0018286419799551
     656.3919279519680003       1.0458106659352779
     656.3921280853902545       1.0542202703654766
     656.3923282188125086       0.9338005259633064
     656.3925283522348764       0.9746010117232800
     656.3927284856571305       1.0319004990160465
     656.3929286190793846       1.0222983025014400
     656.3931287525016387       1.0193724688142538
     656.3933288859240065       1.0354377403855324
     656.3935290193462606       0.9630693756043911
     656.3937291527685147       1.0089382631704211
     656.3939292861907688       1.0272097382694483
     656.3941294196131366       1.0207178350538015
     656.3943295530353907       0.9329519495368004
     656.3945296864576449       1.0252433065325022
     656.3947298198798990       0.9591281041502953
     656.3949299533022668       0.9687508791685104
     656.3951300867245209       1.0016795642441139
     656.3953302201467750       1.0349394120275974
     656.3955303535690291       1.0132116405293345
     656.3957304869913969       0.9220624044537544
     656.3959306204136510       0.9747343268245459
     656.3961307538359051       1.0116135245189071
     656.3963308872581592       0.9842431545257568
     656.3965310206804133       1.0354826115071774
     656.3967311541027811       0.9781954102218151
     656.3969312875250353       1.0732862576842308
     656.3971314209472894       1.0305580794811249
     656.3973315543695435       1.0113780489191413
     656.3975316877919113       0.9943745695054531
     656.3977318212141654       1.0417661815881729
     656.3979319546364195       1.0038024566601962
     656.3981320880586736       0.9475904591381550
     656.3983322214810414       0.9857248421758413
     656.3985323549032955       1.0646928474307060
     656.3987324883255496       0.9879594622179866
     656.3989326217478038       0.9801783654838800
     656.3991327551701715       0.8565535843372345
     656.3993328885924257       1.0351862497627735
     656.3995330220146798       0.9991990036214702
     656.3997331554369339       0.9562910720705986
     656.3999332888593017       0.9876604108139873
     656.4001334222815558       0.9295045882463455
     656.4003335557038099       1.0627543106675148
     656.4005336891260640       0.9657187126576900
     656.4007338225484318       1.0593828037381172
     656.4009339559706859       0.9936298495158553
     656.4011340893929400       0.9575778990983963
     656.4013342228151942       0.9721634443849325
     656.4015343562375620       0.9498280324041843
     656.4017344896598161       0.9595497325062752
     656.4019346230820702       1.0751181244850159
     656.4021347565043243       1.0137634919956326
     656.4023348899265784       0.9972453429363668
     656.4025350233489462       1.0602539479732513
     656.4027351567712003       1.0283504184335470
     656.4029352901934544       1.0774549618363380
     656.4031354236157085       0.9667812772095203
     656.4033355570380763       0.9416505508124828
     656.4035356904603304       0.9847623454406857
     656.4037358238825846       1.0594221018254757
     656.4039359573048387       1.0201353095471859
     656.4041360907272065       0.8602168560028076
     656.4043362241494606       0.9408139586448669
     656.4045363575717147       1.0172866079956293
     656.4047364909939688       1.0100431069731712
     656.4049366244163366       1.0426130183041096
     656.4051367578385907       1.0507974997162819
     656.4053368912608448       1.0228474065661430
     656.4055370246830989       1.0333694629371166
     656.4057371581054667       1.0168564002960920
     656.4059372915277208       0.9589165039360523
     656.4061374249499750       1.0202263053506613
     656.4063375583722291       1.0380502603948116
     656.4065376917945969       1.0623073391616344
     656.4067378252168510       0.9897682229056954
     656.4069379586391051       1.0130208479240537
     656.4071380920613592       0.9876541895791888
     656.4073382254836133       0.9629723168909550
     656.4075383589059811       1.0177969615906477
     656.4077384923282352       0.8755781129002571
     656.4079386257504893       1.0016252326313406
     656.4081387591727434       1.0014944056747481
     656.4083388925951112       1.0005064200959168
     656.4085390260173654       0.9636950343847275
     656.4087391594396195       1.0563546232879162
     656.4089392928618736       1.0915688350796700
     656.4091394262842414       1.0100404322147369
     656.4093395597064955       1.0109657468274236
     656.4095396931287496       0.9553989842534065
     656.4097398265510037       0.9515219554305077
     656.4099399599733715       1.0476490519940853
     656.4101400933956256       1.0528538487851620
     656.4103402268178797       0.9995959779189434
     656.4105403602401339       0.9967412881087512
     656.4107404936625016       1.0429515652358532
     656.4109406270847558       0.9113681241869926
     656.4111407605070099       1.0559117458760738
     656.4113408939292640       0.9933084663935006
     656.4115410273516318       1.0678947642445564
     656.4117411607738859       1.0219880435615778
     656.4119412941961400       0.9731330424547195
     656.4121414276183941       0.9918671725317836
     656.4123415610407619       0.9792801085859537
     656.4125416944630160       1.0133560374379158
     656.4127418278852701       0.9680673368275166
     656.4129419613075243       1.0953370481729507
     656.4131420947297784       0.9623563401401043
     656.4133422281521462       1.0122480830177665
     656.4135423615744003       0.9938942231237888
     656.4137424949966544       1.0301252547651529
     656.4139426284189085       0.9557550586760044
     656.4141427618412763       1.0725236907601357
     656.4143428952635304       0.9905793461948633
     656.4145430286857845       1.0777558609843254
     656.4147431621080386       1.0036645003128797
     656.4149432955304064       0.9865945354104042
     656.4151434289526605       0.9985985200619325
     656.4153435623749147       1.1006972938776016
     656.4155436957971688       0.9397482201457024
     656.4157438292195366       0.9991102076019160
     656.4159439626417907       1.0426970832049847
     656.4161440960640448       1.0123729109764099
     656.4163442294862989       1.0264171790331602
     656.4165443629086667       1.0583898015320301
     656.4167444963309208       0.9871032712981105
     656.4169446297531749       0.9535048939287663
     656.4171447631754290       1.0166980903595686
     656.4173448965977968       0.9721918124705553
     656.4175450300200509       1.0340957120060921
     656.4177451634423051       1.0360998101532459
     656.4179452968645592       0.9601514488458633
     656.4181454302869270       1.0682302564382553
     656.4183455637091811       1.0572540350258350
     656.4185456971314352       1.0480269528925419
     656.4187458305536893       0.9962400249205530
     656.4189459639759434       1.0256552547216415
     656.4191460973983112       0.9831316396594048
     656.4193462308205653       1.0028199858497828
     656.4195463642428194       0.9692930635064840
     656.4197464976650735       1.0306143593043089
     656.4199466310874413       1.0886974856257439
     656.4201467645096955       0.9257229417562485
     656.4203468979319496       1.0671897903084755
     656.4205470313542037       1.0171598307788372
     656.4207471647765715       1.0194632615894079
     656.4209472981988256       1.0831985995173454
     656.4211474316210797       0.9739566836506128
     656.4213475650433338       0.9377904422581196
     656.4215476984657016       0.9724904447793961
     656.4217478318879557       0.9781363327056170
     656.4219479653102098       0.9771379549056292
     656.4221480987324640       0.9192950129508972
     656.4223482321548317       1.0054544447921216
     656.4225483655770859       1.0336643718183041
     656.4227484989993400       1.0174135938286781
     656.4229486324215941       1.0039230422116816
     656.4231487658439619       1.0091517148539424
     656.4233488992662160       1.0424711965024471
     656.4235490326884701       0.9562046229839325
     656.4237491661107242       0.9965251546818763
     656.4239492995329783       1.1065675169229507
     656.4241494329553461       0.9645152725279331
     656.4243495663776002       0.9463802576065063
     656.4245496997998544       0.9499717094004154
     656.4247498332221085       0.9744462333619595
     656.4249499666444763       0.9463220424950123
     656.4251501000667304       0.9513572342693806
     656.4253502334889845       0.9874540744349360
     656.4255503669112386       0.9838557932525873
     656.4257505003336064       1.0211818479001522
     656.4259506337558605       0.9606302976608276
     656.4261507671781146       1.0843146294355392
     656.4263509006003687       0.9222444295883179
     656.4265510340227365       0.9508218690752983
     656.4267511674449906       0.9210405424237251
     656.4269513008672448       0.9012774899601936
     656.4271514342894989       0.9852906772866845
     656.4273515677118667       0.9895359696820378
     656.4275517011341208       1.0956138595938683
     656.4277518345563749       1.0586799792945385
     656.4279519679786290       0.9788098540157080
     656.4281521014009968       0.9843324515968561
     656.4283522348232509       0.9416720569133759
     656.4285523682455050       0.8838675990700722
     656.4287525016677591       0.9624025337398052
     656.4289526350901269       1.0412109903991222
     656.4291527685123810       0.9833995439112186
     656.4293529019346352       1.0536875389516354
     656.4295530353568893       1.0557698495686054
     656.4297531687791434       0.9926793263293803
     656.4299533022015112       1.0494119487702847
     656.4301534356237653       0.9927589618600905
     656.4303535690460194       1.0543119907379150
     656.4305537024682735       0.9434797465801239
     656.4307538358906413       1.0395748093724251
     656.4309539693128954       0.9913985338062048
     656.4311541027351495       1.0686265304684639
     656.4313542361574036       0.9723939467221498
     656.4315543695797714       0.9653120934963226
     656.4317545030020256       0.9328343942761421
     656.4319546364242797       0.9222677722573280
     656.4321547698465338       0.9973245898727328
     656.4323549032689016       1.0329520255327225
     656.4325550366911557       1.0296186562627554
     656.4327551701134098       1.0139654725790024
     656.4329553035356639       0.9988540339982137
     656.4331554369580317       0.9996944980812259
     656.4333555703802858       1.0739891380071640
     656.4335557038025399       1.1154221668839455
     656.4337558372247940       0.9743646774441004
     656.4339559706471618       1.0489955917000771
     656.4341561040694160       0.9923293408937752
     656.4343562374916701       0.9374745488166809
     656.4345563709139242       0.9938798160292208
     656.4347565043361783       0.9844185961410403
     656.4349566377585461       1.0045046615414321
     656.4351567711808002       0.9974645450711250
     656.4353569046030543       1.0088250320404768
     656.4355570380253084       1.0248363856226206
     656.4357571714476762       0.9271895959973335
     656.4359573048699303       0.9556615427136421
     656.4361574382921845       1.0291949938982725
     656.4363575717144386       1.0131770120933652
     656.4365577051368064       1.0465381890535355
     656.4367578385590605       0.9857107596471906
     656.4369579719813146       1.0527030043303967
     656.4371581054035687       0.9860721556469798
     656.4373582388259365       0.9987397447694093
     656.4375583722481906       0.9586095511913300
     656.4377585056704447       1.0221983287483454
     656.4379586390926988       0.9887575600296259
     656.4381587725150666       1.0341576561331749
     656.4383589059373207       0.9277589023113251
     656.4385590393595749       1.0045770141296089
     656.4387591727818290       1.0204629749059677
     656.4389593062041968       1.0544932000339031
     656.4391594396264509       0.9121702760457993
     656.4393595730487050       1.0167283713817596
     656.4395597064709591       0.9264406561851501
     656.4397598398933269       1.0042844205163419
     656.4399599733155810       1.0416933745145798
     656.4401601067378351       0.9932845770381391
     656.4403602401600892       0.9776802361011505
     656.4405603735823433       0.9934915006160736
     656.4407605070047111       1.0900940597057343
     656.4409606404269653       0.9315095320343971
     656.4411607738492194       0.9665455594658852
     656.4413609072714735       1.0112990681082010
     656.4415610406938413       1.0107660414651036
     656.4417611741160954       0.9609006382524967
     656.4419613075383495       1.0322988890111446
     656.4421614409606036       0.9945094324648380
     656.4423615743829714       0.9634728096425533
     656.4425617078052255       0.9680044278502464
     656.4427618412274796       0.9630666486918926
     656.4429619746497337       0.9574296511709690
     656.4431621080721015       0.9220788180828094
     656.4433622414943557       1.0391771309077740
     656.4435623749166098       1.0000694912741892
     656.4437625083388639       1.1132278367877007
     656.4439626417612317       0.9465219378471375
     656.4441627751834858       1.0251745022833347
     656.4443629086057399       0.9801935907453299
     656.4445630420279940       1.0143328336998820
     656.4447631754503618       1.0172882340848446
     656.4449633088726159       0.9204237386584282
     656.4451634422948700       0.9682163111865520
     656.4453635757171241       1.0699565634131432
     656.4455637091393783       0.8719983398914337
     656.4457638425617461       1.0489479415118694
     656.4459639759840002       0.9641240313649178
     656.4461641094062543       0.9348537623882294
     656.4463642428285084       1.0156539175659418
     656.4465643762508762       0.9161083027720451
     656.4467645096731303       1.0395280234515667
     656.4469646430953844       0.9934300393797457
     656.4471647765176385       0.9403398968279362
     656.4473649099400063       0.9991377131082118
     656.4475650433622604       1.0640111491084099
     656.4477651767845146       1.0502665117383003
     656.4479653102067687       1.0345696695148945
     656.4481654436291365       1.0210502762347460
     656.4483655770513906       1.0479661189019680
     656.4485657104736447       1.0586543269455433
     656.4487658438958988       0.9904953772202134
     656.4489659773182666       1.0532608740031719
     656.4491661107405207       0.9777488373219967
     656.4493662441627748       1.0322863832116127
     656.4495663775850289       1.0129718724638224
     656.4497665110073967       0.9652726836502552
     656.4499666444296508       1.0936313793063164
     656.4501667778519050       0.8647816032171249
     656.4503669112741591       0.9959418964572251
     656.4505670446965269       0.9508911333978176
     656.4507671781187810       1.0446798689663410
     656.4509673115410351       0.9565713889896870
     656.4511674449632892       1.0148822637274861
     656.4513675783855433       0.9042774662375450
     656.4515677118079111       0.9829259291291237
     656.4517678452301652       0.9567077644169331
     656.4519679786524193       0.9747640453279018
     656.4521681120746734       0.9982961841160432
     656.4523682454970412       0.9933188348077238
     656.4525683789192954       0.9821230452507734
     656.4527685123415495       1.0344165191054344
     656.4529686457638036       0.9616169370710850
     656.4531687791861714       1.0665861740708351
     656.4533689126084255       1.0297890193760395
     656.4535690460306796       1.0353817418217659
     656.4537691794529337       1.0368405394256115
     656.4539693128753015       1.0427196472883224
     656.4541694462975556       1.0722285732626915
     656.4543695797198097       0.9834615420550108
     656.4545697131420638       0.9917451003566384
     656.4547698465644316       0.9445699974894524
     656.4549699799866858       0.9240424707531929
     656.4551701134089399       0.9841522201895714
     656.4553702468311940       1.0760985985398293
     656.4555703802535618       0.9817598331719637
     656.4557705136758159       1.0391883589327335
     656.4559706470980700       1.0125425113365054
     656.4561707805203241       1.0637842789292336
     656.4563709139425782       1.0001456027239328
     656.4565710473649460       0.9467032477259636
     656.4567711807872001       1.0024052218068391
     656.4569713142094542       0.9650417938828468
     656.4571714476317084       0.9865240678191185
     656.4573715810540762       0.9069496765732765
     656.4575717144763303       0.9534661509096622
     656.4577718478985844       1.0188443940132856
     656.4579719813208385       0.9654642008244991
     656.4581721147432063       0.9901850493624806
     656.4583722481654604       0.9399072155356407
     656.4585723815877145       1.0436246655881405
     656.4587725150099686       0.9112243726849556
     656.4589726484323364       0.9478159174323082
     656.4591727818545905       1.0585769191384315
     656.4593729152768447       1.0132447900250554
     656.4595730486990988       0.9819692540913820
     656.4597731821214666       0.9637248441576958
     656.4599733155437207       0.9442945830523968
     656.4601734489659748       1.0230110120028257
     656.4603735823882289       0.9896169956773520
     656.4605737158105967       0.9792141951620579
     656.4607738492328508       1.0170205663889647
     656.4609739826551049       1.0040168981067836
     656.4611741160773590       0.9785780254751444
     656.4613742494997268       0.9856014549732208
     656.4615743829219809       1.0455992035567760
     656.4617745163442351       1.0055366917513311
     656.4619746497664892       0.9894238151609898
     656.4621747831887433       0.9886721409857273
     656.4623749166111111       0.9878173097968102
     656.4625750500333652       1.0156675707548857
     656.4627751834556193       1.0499014556407928
     656.4629753168778734       1.0181186329573393
     656.4631754503002412       0.9576011337339878
     656.4633755837224953       1.0532780997455120
     656.4635757171447494       1.0328991264104843
     656.4637758505670035       0.9680943265557289
     656.4639759839893713       1.0362608209252357
     656.4641761174116255       0.9851533519104123
     656.4643762508338796       0.9689058661460876
     656.4645763842561337       1.0486468859016895
     656.4647765176785015       1.0490000396966934
     656.4649766511007556       0.9729980323463678
     656.4651767845230097       0.9734477642923594
     656.4653769179452638       0.9984675139421597
     656.4655770513676316       1.0172345601022243
     656.4657771847898857       1.0047466824762523
     656.4659773182121398       0.9548197537660599
     656.4661774516343939       1.0633335337042809
     656.4663775850567617       1.0146393170580268
     656.4665777184790159       1.1424736082553864
     656.4667778519012700       1.0062400270253420
     656.4669779853235241       1.0721515342593193
     656.4671781187458919       1.0395517311990261
     656.4673782521681460       1.0475181229412556
     656.4675783855904001       0.9340948313474655
     656.4677785190126542       1.0250122491270304
     656.4679786524349083       1.0724929422140121
     656.4681787858572761       1.0788218379020691
     656.4683789192795302       0.9949510958977044
     656.4685790527017843       0.9384889602661133
     656.4687791861240385       1.0511124022305012
     656.4689793195464063       1.0752701386809349
     656.4691794529686604       1.0401597283780575
     656.4693795863909145       1.0419511236250401
     656.4695797198131686       1.0104457950219512
     656.4697798532355364       1.0086744008585811
     656.4699799866577905       1.0762131959199905
     656.4701801200800446       0.9517600759863853
     656.4703802535022987       0.9899911126121879
     656.4705803869246665       0.9431251026690006
     656.4707805203469206       1.0702548250555992
     656.4709806537691748       0.9840634446591139
     656.4711807871914289       0.9587267413735390
     656.4713809206137967       0.9654870368540287
     656.4715810540360508       1.0083203800022602
     656.4717811874583049       0.9925154768861830
     656.4719813208805590       1.0281622000038624
     656.4721814543029268       0.9231180176138878
     656.4723815877251809       1.0354528464376926
     656.4725817211474350       0.9969569260720164
     656.4727818545696891       0.9456577487289906
     656.4729819879919432       0.9708301033824682
     656.4731821214143110       0.9598768688738346
     656.4733822548365652       0.8614933937788010
     656.4735823882588193       1.0317300297319889
     656.4737825216810734       0.9818392042070627
     656.4739826551034412       0.9839983675628901
     656.4741827885256953       1.0271358694881201
     656.4743829219479494       0.9968366641551256
     656.4745830553702035       1.0669835284352303
     656.4747831887925713       1.1087330132722855
     656.4749833222148254       0.9797079451382160
     656.4751834556370795       1.0199828781187534
     656.4753835890593336       1.0140893580392003
     656.4755837224817014       1.1218364238739014
     656.4757838559039556       0.9730587396770716
     656.4759839893262097       0.9968161745928228
     656.4761841227484638       0.9795742444694042
     656.4763842561708316       0.9320095852017403
     656.4765843895930857       0.9615459404885769
     656.4767845230153398       1.0018225329695269
     656.4769846564375939       1.0042170677334070
     656.4771847898599617       0.9064850881695747
     656.4773849232822158       1.0076195434667170
     656.4775850567044699       1.0268493890762329
     656.4777851901267240       0.9593288451433182
     656.4779853235490918       1.0071539641357958
     656.4781854569713460       0.9397212788462639
     656.4783855903936001       1.0010435648728162
     656.4785857238158542       0.9378944262862206
     656.4787858572381083       1.0486091487109661
     656.4789859906604761       0.9295793697237968
     656.4791861240827302       0.9736046791076660
     656.4793862575049843       1.0840997770428658
     656.4795863909272384       0.9817701205611229
     656.4797865243496062       0.9368911683559418
     656.4799866577718603       1.0367146506905556
     656.4801867911941144       1.0335208997130394
     656.4803869246163686       0.9906698102131486
     656.4805870580387364       1.0539183877408504
     656.4807871914609905       0.9667749293148518
     656.4809873248832446       0.9663017913699150
     656.4811874583054987       1.0482911542057991
     656.4813875917278665       0.9758099690079689
     656.4815877251501206       1.0004486075777095
     656.4817878585723747       0.9859405951574445
     656.4819879919946288       0.9474709965288639
     656.4821881254169966       0.9857992902398109
     656.4823882588392507       0.9866279717534781
     656.4825883922615049       0.9749711006879807
     656.4827885256837590       1.0728353932499886
     656.4829886591061268       0.9980888196732849
     656.4831887925283809       1.0079779624938965
     656.4833889259506350       0.9901378815993667
     656.4835890593728891       0.9992010134155862
     656.4837891927951432       0.9265870451927185
     656.4839893262175110       0.8815775960683823
     656.4841894596397651       0.9902010858058929
     656.4843895930620192       1.0720283612608910
     656.4845897264842733       0.9309389814734459
     656.4847898599066411       0.9388020671904087
     656.4849899933288953       0.9762370381504297
     656.4851901267511494       1.0132175339385867
     656.4853902601734035       1.0196743160486221
     656.4855903935957713       0.9717811848968267
     656.4857905270180254       1.0552524812519550
     656.4859906604402795       1.0342453382909298
     656.4861907938625336       1.0197825562208891
     656.4863909272849014       1.0317092798650265
     656.4865910607071555       1.0198469515889883
     656.4867911941294096       1.0495925843715668
     656.4869913275516637       1.0747448727488518
     656.4871914609740315       1.0451855324208736
     656.4873915943962857       1.0004086858534720
     656.4875917278185398       1.0199403818696737
     656.4877918612407939       0.9789761975407600
     656.4879919946631617       0.9703690949827433
     656.4881921280854158       1.0367851145565510
     656.4883922615076699       1.0073049725033343
     656.4885923949299240       0.9753565546125174
     656.4887925283522918       1.0360630638897419
     656.4889926617745459       1.0195608716458082
     656.4891927951968000       0.9545612037181854
     656.4893929286190541       1.0570052079856396
     656.4895930620413083       0.9754282850772142
     656.4897931954636761       1.0098644569516182
     656.4899933288859302       0.9753531385213137
     656.4901934623081843       0.9686093814671040
     656.4903935957304384       0.9890884915366769
     656.4905937291528062       0.9892024425789714
     656.4907938625750603       0.9334379732608795
     656.4909939959973144       0.9965971156489104
     656.4911941294195685       0.9761780556291342
     656.4913942628419363       1.0365086756646633
     656.4915943962641904       1.0657812952995300
     656.4917945296864445       1.0304013788700104
     656.4919946631086987       0.9897460639476776
     656.4921947965310665       0.9816223550587893
     656.4923949299533206       1.0245094187557697
     656.4925950633755747       1.0808359608054161
     656.4927951967978288       0.9827442746609449
     656.4929953302201966       0.9325253739953041
     656.4931954636424507       1.0139718083664775
     656.4933955970647048       1.0143212703987956
     656.4935957304869589       1.0057059405371547
     656.4937958639093267       0.9727417174726725
     656.4939959973315808       1.0005172744276933
     656.4941961307538350       1.0587028339505196
     656.4943962641760891       1.0424841307103634
     656.4945963975983432       0.9477057382464409
     656.4947965310207110       0.9660811908543110
     656.4949966644429651       1.0064505632035434
     656.4951967978652192       1.0166613887995481
     656.4953969312874733       1.0060244286432862
     656.4955970647098411       1.0825935453176498
     656.4957971981320952       1.0266033560037613
     656.4959973315543493       1.0382199697196484
     656.4961974649766034       0.9191777035593987
     656.4963975983989712       1.0285397712141275
     656.4965977318212254       0.9272663965821266
     656.4967978652434795       0.9581529237329960
     656.4969979986657336       1.0060097402893007
     656.4971981320881014       1.0463592484593391
     656.4973982655103555       1.0972750931978226
     656.4975983989326096       1.0030533082317561
     656.4977985323548637       0.9778763074427843
     656.4979986657772315       0.9557652585208416
     656.4981987991994856       0.9747531171888113
     656.4983989326217397       0.9908494297415018
     656.4985990660439938       0.9803294818848372
     656.4987991994663616       0.9064422473311424
     656.4989993328886158       1.0212714318186045
     656.4991994663108699       0.9669545181095600
     656.4993995997331240       0.9931378201581538
     656.4995997331554918       0.9804654400795698
     656.4997998665777459       1.0145803093910217
     656.5000000000000000       1.0015746084973216
