     656.2000000000000455       0.9933067746460438
     656.2002001334222996       0.9743923190981150
     656.2004002668445537       1.1102712154388428
     656.2006004002669215       1.0580029971897602
     656.2008005336891756       0.9144525974988937
     656.2010006671114297       1.0301940888166428
     656.2012008005336838       0.9891505707055330
     656.2014009339560516       0.9374615922570229
     656.2016010673783057       0.9540473558008671
     656.2018012008005599       1.0127432374283671
     656.2020013342228140       0.9711671285331249
     656.2022014676451818       0.9162463992834091
     656.2024016010674359       1.0478165000677109
     656.2026017344896900       1.0591702349483967
     656.2028018679119441       0.9392201900482178
     656.2030020013343119       1.0723336562514305
     656.2032021347565660       0.9513463526964188
     656.2034022681788201       0.9874490406364202
     656.2036024016010742       1.0578400976955891
     656.2038025350234420       0.9357598721981049
     656.2040026684456961       0.9255544766783714
     656.2042028018679503       1.0244737379252911
     656.2044029352902044       1.0737860426306725
     656.2046030687125722       0.9791367966681719
     656.2048032021348263       1.0416944809257984
     656.2050033355570804       0.9567735120654106
     656.2052034689793345       1.0795078948140144
     656.2054036024017023       1.0213527213782072
     656.2056037358239564       1.0075135803781450
     656.2058038692462105       1.0623226575553417
     656.2060040026684646       0.9720245059579611
     656.2062041360907187       0.9759329129010439
     656.2064042695130865       0.9486516900360584
     656.2066044029353407       1.0410701297223568
     656.2068045363575948       0.9118887931108475
     656.2070046697798489       0.9608919657766819
     656.2072048032022167       0.9458152279257774
     656.2074049366244708       0.9460057653486729
     656.2076050700467249       0.9648580811917782
     656.2078052034689790       1.0264884140342474
     656.2080053368913468       0.9860780546441674
     656.2082054703136009       0.8998419716954231
     656.2084056037358550       1.0727904066443443
     656.2086057371581092       0.9535229392349720
     656.2088058705804769       1.0031700257677585
     656.2090060040027311       0.9790735207498074
     656.2092061374249852       1.0135449068620801
     656.2094062708472393       1.1570306420326233
     656.2096064042696071       0.9873717976734042
     656.2098065376918612       1.1211756840348244
     656.2100066711141153       0.8640740662813187
     656.2102068045363694       0.9898149557411671
     656.2104069379587372       1.0161098167300224
     656.2106070713809913       0.9923170176334679
     656.2108072048032454       0.9481745772063732
     656.2110073382254996       0.9686874672770500
     656.2112074716477537       0.9312261939048767
     656.2114076050701215       0.9896806934848428
     656.2116077384923756       0.9922855137847364
     656.2118078719146297       1.0456251911818981
     656.2120080053368838       0.9802834391593933
     656.2122081387592516       0.9487861990928650
     656.2124082721815057       0.9913333235308528
     656.2126084056037598       1.0593454428017139
     656.2128085390260139       1.0209704227745533
     656.2130086724483817       1.0616682060062885
     656.2132088058706358       1.0261607021093369
     656.2134089392928900       1.0017169028287753
     656.2136090727151441       1.0262809693813324
     656.2138092061375119       0.9944920293055475
     656.2140093395597660       0.9809996895492077
     656.2142094729820201       1.0007414549472742
     656.2144096064042742       1.0794478878378868
     656.2146097398266420       0.9349613487720490
     656.2148098732488961       0.9816121924668550
     656.2150100066711502       0.9979419584851712
     656.2152101400934043       0.9820669665932655
     656.2154102735157721       0.9658264331519604
     656.2156104069380262       0.9566069133579731
     656.2158105403602804       1.0449115559458733
     656.2160106737825345       0.9290723577141762
     656.2162108072049023       0.9535645283758640
     656.2164109406271564       0.9773024842143059
     656.2166110740494105       0.9993239144678228
     656.2168112074716646       1.0066112503409386
     656.2170113408939187       1.0166340190917253
     656.2172114743162865       1.0111452694982290
     656.2174116077385406       1.0106270657852292
     656.2176117411607947       0.9100160971283913
     656.2178118745830488       1.0127904508262873
     656.2180120080054166       0.9606375619769096
     656.2182121414276708       1.0327027179300785
     656.2184122748499249       0.9884887533262372
     656.2186124082721790       1.0345271117985249
     656.2188125416945468       1.0207031834870577
     656.2190126751168009       1.0574040599167347
     656.2192128085390550       0.9766690526157618
     656.2194129419613091       0.9285586923360825
     656.2196130753836769       0.9528201855719090
     656.2198132088059310       1.0177332870662212
     656.2200133422281851       1.0642338320612907
     656.2202134756504392       1.0534876249730587
     656.2204136090728070       1.0369621179997921
     656.2206137424950612       0.9856941029429436
     656.2208138759173153       1.0290286578238010
     656.2210140093395694       0.9934399244375527
     656.2212141427619372       0.9965320371557027
     656.2214142761841913       1.0413538031280041
     656.2216144096064454       0.9428407736122608
     656.2218145430286995       0.9023252800107002
     656.2220146764509536       0.9742143414914608
     656.2222148098733214       1.0114640248939395
     656.2224149432955755       0.9882804984226823
     656.2226150767178297       1.0077502885833383
     656.2228152101400838       0.9919651038944721
     656.2230153435624516       1.0093887839466333
     656.2232154769847057       0.9732443001121283
     656.2234156104069598       0.9857451021671295
     656.2236157438292139       1.0150738433003426
     656.2238158772515817       1.0320575349032879
     656.2240160106738358       1.0018737962236628
     656.2242161440960899       1.0244650989770889
     656.2244162775183440       0.9367382600903511
     656.2246164109407118       0.9035895839333534
     656.2248165443629659       0.9611759781837463
     656.2250166777852201       1.0508173517882824
     656.2252168112074742       0.9870108189061284
     656.2254169446298420       0.9933304637670517
     656.2256170780520961       1.0354031734168530
     656.2258172114743502       1.0472026020288467
     656.2260173448966043       1.0405470654368401
     656.2262174783189721       0.9978732890449464
     656.2264176117412262       0.9915209319442511
     656.2266177451634803       0.9760313425213099
     656.2268178785857344       1.0076221018098295
     656.2270180120081022       1.0153151769191027
     656.2272181454303563       1.0081881722435355
     656.2274182788526105       0.9880495266988873
     656.2276184122748646       1.0150411939248443
     656.2278185456971187       1.0105805499479175
     656.2280186791194865       0.9725633654743433
     656.2282188125417406       1.0521387718617916
     656.2284189459639947       1.0431447662413120
     656.2286190793862488       0.9553250074386597
     656.2288192128086166       0.9614237621426582
     656.2290193462308707       0.9394835047423840
     656.2292194796531248       1.0700897350907326
     656.2294196130753789       0.9975920487195253
     656.2296197464977467       0.9425858668982983
     656.2298198799200009       0.9539437480270863
     656.2300200133422550       1.0090314438566566
     656.2302201467645091       0.8809708133339882
     656.2304202801868769       1.0477592572569847
     656.2306204136091310       0.9579125382006168
     656.2308205470313851       0.9724933560937643
     656.2310206804536392       0.9986769066890702
     656.2312208138760070       0.9172025248408318
     656.2314209472982611       0.9599566496908665
     656.2316210807205152       1.0066835368052125
     656.2318212141427693       0.9419310018420219
     656.2320213475651371       0.9149842634797096
     656.2322214809873913       1.0862458571791649
     656.2324216144096454       1.0113472379744053
     656.2326217478318995       0.9806809518486261
     656.2328218812541536       1.1666176766157150
     656.2330220146765214       1.0537634976208210
     656.2332221480987755       0.9404950477182865
     656.2334222815210296       1.0097175734117627
     656.2336224149432837       1.0187088176608086
     656.2338225483656515       1.0116916075348854
     656.2340226817879056       1.0069042542017996
     656.2342228152101598       1.0284676793962717
     656.2344229486324139       0.9886074187234044
     656.2346230820547817       1.0266717616468668
     656.2348232154770358       1.0085579939186573
     656.2350233488992899       1.0052794045768678
     656.2352234823215440       0.9956279289908707
     656.2354236157439118       1.0627912804484367
     656.2356237491661659       1.0332031287252903
     656.2358238825884200       1.0396344102919102
     656.2360240160106741       0.9511810876429081
     656.2362241494330419       0.9718757420778275
     656.2364242828552960       0.9753672424703836
     656.2366244162775502       1.0118356430903077
     656.2368245496998043       1.0481395423412323
     656.2370246831221721       1.0222941618412733
     656.2372248165444262       0.9734098482877016
     656.2374249499666803       0.9338297322392464
     656.2376250833889344       1.0289618521928787
     656.2378252168113022       0.9857588885352015
     656.2380253502335563       1.0244352035224438
     656.2382254836558104       0.9129690602421761
     656.2384256170780645       0.9618348963558674
     656.2386257505003186       0.9503074549138546
     656.2388258839226864       1.0054341438226402
     656.2390260173449406       1.0171142499893904
     656.2392261507671947       1.0053744963370264
     656.2394262841894488       1.0424300506711006
     656.2396264176118166       1.0533750355243683
     656.2398265510340707       1.0456629171967506
     656.2400266844563248       0.9374249354004860
     656.2402268178785789       0.9900683397427201
     656.2404269513009467       1.0153249874711037
     656.2406270847232008       1.1054132729768753
     656.2408272181454549       0.9241918623447418
     656.2410273515677090       1.0337968729436398
     656.2412274849900768       1.0467642508447170
     656.2414276184123310       0.9785152990370989
     656.2416277518345851       0.9926234451122582
     656.2418278852568392       1.0578345060348511
     656.2420280186792070       1.0678167790174484
     656.2422281521014611       1.0564556792378426
     656.2424282855237152       0.8844760134816170
     656.2426284189459693       1.0131639270111918
     656.2428285523683371       0.9813442248851061
     656.2430286857905912       1.0172862876206636
     656.2432288192128453       1.0212005674839020
     656.2434289526350994       1.0359318517148495
     656.2436290860574672       0.9914845712482929
     656.2438292194797214       0.9909295747056603
     656.2440293529019755       1.0747158452868462
     656.2442294863242296       0.9327269941568375
     656.2444296197464837       0.9661162681877613
     656.2446297531688515       1.0609034672379494
     656.2448298865911056       0.9464917220175266
     656.2450300200133597       1.0651885569095612
     656.2452301534356138       1.0497727319598198
     656.2454302868579816       0.8854991421103477
     656.2456304202802357       1.0341018699109554
     656.2458305537024899       1.0380383171141148
     656.2460306871247440       1.0144363539293408
     656.2462308205471118       1.0110594807192683
     656.2464309539693659       0.9754055831581354
     656.2466310873916200       0.9759129006415606
     656.2468312208138741       1.0366265736520290
     656.2470313542362419       1.1058424264192581
     656.2472314876584960       1.0704766958951950
     656.2474316210807501       1.0667751953005791
     656.2476317545030042       0.9523417018353939
     656.2478318879253720       0.9616513140499592
     656.2480320213476261       0.9998480645590462
     656.2482321547698803       0.9993265926023014
     656.2484322881921344       1.0186414811760187
     656.2486324216145022       1.0319145247340202
     656.2488325550367563       0.9005980789661407
     656.2490326884590104       1.0113852322101593
     656.2492328218812645       0.9198039472103119
     656.2494329553035186       0.9667562879621983
     656.2496330887258864       1.0136644905433059
     656.2498332221481405       0.9995960411615670
     656.2500333555703946       1.0532082431018353
     656.2502334889926487       0.9528866149485111
     656.2504336224150165       0.9898482719436288
     656.2506337558372707       1.0103765754029155
     656.2508338892595248       1.0728733614087105
     656.2510340226817789       0.9807211346924305
     656.2512341561041467       1.0318543352186680
     656.2514342895264008       1.0021874939557165
     656.2516344229486549       1.0350043140351772
     656.2518345563709090       1.0445874556899071
     656.2520346897932768       1.0222059767693281
     656.2522348232155309       0.9450347460806370
     656.2524349566377850       0.8735195398330688
     656.2526350900600391       1.0308855231851339
     656.2528352234824069       0.9371491819620132
     656.2530353569046611       0.9671538807451725
     656.2532354903269152       1.0342708490788937
     656.2534356237491693       0.9835856929421425
     656.2536357571715371       0.9395957477390766
     656.2538358905937912       1.1218157634139061
     656.2540360240160453       1.0016827307408676
     656.2542361574382994       1.0499419569969177
     656.2544362908606672       1.0031763922888786
     656.2546364242829213       0.9472189582884312
     656.2548365577051754       0.9971969819162041
     656.2550366911274295       0.9701391998678446
     656.2552368245496837       1.0099158380180597
     656.2554369579720515       1.0245764777064323
     656.2556370913943056       1.0406099967658520
     656.2558372248165597       0.9993758698692545
     656.2560373582388138       0.9501267261803150
     656.2562374916611816       0.9717961456626654
     656.2564376250834357       0.9753942843526602
     656.2566377585056898       0.9504795819520950
     656.2568378919279439       0.9426471590995789
     656.2570380253503117       0.9942471892572939
     656.2572381587725658       0.9315520673990250
     656.2574382921948200       1.0216358862817287
     656.2576384256170741       0.9083438068628311
     656.2578385590394419       1.0604179613292217
     656.2580386924616960       1.0673571452498436
     656.2582388258839501       1.0764335319399834
     656.2584389593062042       1.0020568673498929
     656.2586390927285720       1.0389714874327183
     656.2588392261508261       0.9591486528515816
     656.2590393595730802       1.1029275581240654
     656.2592394929953343       0.8741346746683121
     656.2594396264177021       1.0126436753198504
     656.2596397598399562       0.9243087470531464
     656.2598398932622104       1.0633345916867256
     656.2600400266844645       0.9622239135205746
     656.2602401601067186       0.9797009248286486
     656.2604402935290864       1.0601844452321529
     656.2606404269513405       1.0171491056680679
     656.2608405603735946       1.0294886324554682
     656.2610406937958487       1.0100647164508700
     656.2612408272182165       0.9714729543775320
     656.2614409606404706       1.0131295043975115
     656.2616410940627247       1.0336418710649014
     656.2618412274849788       0.9685335718095303
     656.2620413609073466       1.0564690418541431
     656.2622414943296008       1.0309371445327997
     656.2624416277518549       0.9546603597700596
     656.2626417611741090       0.9939749715849757
     656.2628418945964768       1.0524806641042233
     656.2630420280187309       0.9690878838300705
     656.2632421614409850       0.9262376576662064
     656.2634422948632391       1.0718330666422844
     656.2636424282856069       1.0878945291042328
     656.2638425617078610       1.0398019328713417
     656.2640426951301151       1.0155946789309382
     656.2642428285523692       1.0627451911568642
     656.2644429619747370       1.0138717386871576
     656.2646430953969912       0.9660388119518757
     656.2648432288192453       0.9826017171144485
     656.2650433622414994       1.0035213455557823
     656.2652434956638672       1.0739310011267662
     656.2654436290861213       0.9553305208683014
     656.2656437625083754       1.0019965348765254
     656.2658438959306295       1.0385053604841232
     656.2660440293528836       0.9470243267714977
     656.2662441627752514       1.0171960722655058
     656.2664442961975055       1.0054259728640318
     656.2666444296197596       1.0271068550646305
     656.2668445630420138       0.9281565025448799
     656.2670446964643816       0.9651614613831043
     656.2672448298866357       0.9630684107542038
     656.2674449633088898       0.9759138431400061
     656.2676450967311439       0.9906165609136224
     656.2678452301535117       1.0795361325144768
     656.2680453635757658       1.0272716488689184
     656.2682454969980199       0.9909309428185225
     656.2684456304202740       1.0191529076546431
     656.2686457638426418       1.0089851599186659
     656.2688458972648959       0.9987039738334715
     656.2690460306871501       0.9808976594358683
     656.2692461641094042       1.0113162389025092
     656.2694462975317720       0.9521608911454678
     656.2696464309540261       0.9626133926212788
     656.2698465643762802       1.0952761024236679
     656.2700466977985343       0.9474704004824162
     656.2702468312209021       0.9764184132218361
     656.2704469646431562       0.9795586224645376
     656.2706470980654103       0.9701896402984858
     656.2708472314876644       0.9349803403019905
     656.2710473649099185       1.0517121329903603
     656.2712474983322863       0.9894927609711885
     656.2714476317545405       1.0802997574210167
     656.2716477651767946       1.0251267738640308
     656.2718478985990487       1.0204907115548849
     656.2720480320214165       0.9746814183890820
     656.2722481654436706       1.0622111856937408
     656.2724482988659247       1.1055913493037224
     656.2726484322881788       0.9427966512739658
     656.2728485657105466       1.0594530478119850
     656.2730486991328007       0.9787589926272631
     656.2732488325550548       1.0078072953037918
     656.2734489659773089       1.0481243170797825
     656.2736490993996767       1.0276333671063185
     656.2738492328219309       0.9411684311926365
     656.2740493662441850       1.0288668274879456
     656.2742494996664391       1.1003324612975121
     656.2744496330888069       0.9987316281767562
     656.2746497665110610       0.9994089577812701
     656.2748498999333151       0.9706787131726742
     656.2750500333555692       0.9583705104887486
     656.2752501667779370       0.9893380654975772
     656.2754503002001911       1.0022113856393844
     656.2756504336224452       0.9980316704604775
     656.2758505670446993       1.0038254484534264
     656.2760507004670671       1.0607102327048779
     656.2762508338893213       1.0132267726585269
     656.2764509673115754       0.9498440213501453
     656.2766511007338295       1.0015005840687081
     656.2768512341560836       0.9719607643783092
     656.2770513675784514       0.9565639644861221
     656.2772515010007055       1.0228046756237745
     656.2774516344229596       0.9990813730983064
     656.2776517678452137       1.0041885199025273
     656.2778519012675815       0.9513932801783085
     656.2780520346898356       0.9920057561248541
     656.2782521681120897       0.9964664105791599
     656.2784523015343439       0.9596634730696678
     656.2786524349567117       1.0114577962085605
     656.2788525683789658       0.9578188695013523
     656.2790527018012199       0.9997923955525039
     656.2792528352234740       1.0199519786983728
     656.2794529686458418       1.0946057066321373
     656.2796531020680959       1.1327533870935440
     656.2798532354903500       1.0255398694425821
     656.2800533689126041       0.9929578504525125
     656.2802535023349719       0.9333612099289894
     656.2804536357572260       1.0306846201419830
     656.2806537691794802       0.9452240206301212
     656.2808539026017343       1.0362744592130184
     656.2810540360241021       0.9330192357301712
     656.2812541694463562       1.0437781400978565
     656.2814543028686103       1.0620177052915096
     656.2816544362908644       1.0021351918112487
     656.2818545697131185       1.0114578772336245
     656.2820547031354863       0.9566939435899258
     656.2822548365577404       1.0509204044938087
     656.2824549699799945       0.9803017154335976
     656.2826551034022486       0.9519050344824791
     656.2828552368246164       0.9991715899668634
     656.2830553702468706       1.0150762414559722
     656.2832555036691247       0.9661746993660927
     656.2834556370913788       1.0000369277186110
     656.2836557705137466       0.9571701213717461
     656.2838559039360007       0.9556160978972912
     656.2840560373582548       0.9924634345807135
     656.2842561707805089       1.0005285736406222
     656.2844563042028767       0.9504547938704491
     656.2846564376251308       0.9496810138225555
     656.2848565710473849       1.0174889788031578
     656.2850567044696390       1.0176519695669413
     656.2852568378920068       0.9804173000156879
     656.2854569713142610       0.9217190816998482
     656.2856571047365151       1.0435000099241734
     656.2858572381587692       1.0480650588870049
     656.2860573715811370       1.0108118224889040
     656.2862575050033911       1.0688307061791420
     656.2864576384256452       1.0584724843502045
     656.2866577718478993       1.0566939115524292
     656.2868579052702671       0.9521740414202213
     656.2870580386925212       0.9219054058194160
     656.2872581721147753       0.9366709589958191
     656.2874583055370294       1.0649470612406731
     656.2876584389592836       1.0948881506919861
     656.2878585723816514       0.9608226083219051
     656.2880587058039055       0.9104839637875557
     656.2882588392261596       0.9391379281878471
     656.2884589726484137       0.9858534038066864
     656.2886591060707815       0.9037900939583778
     656.2888592394930356       1.0197222605347633
     656.2890593729152897       0.9871216118335724
     656.2892595063375438       1.0083111738786101
     656.2894596397599116       1.0744232088327408
     656.2896597731821657       1.0173086728900671
     656.2898599066044198       0.9486038684844971
     656.2900600400266740       0.9459279887378216
     656.2902601734490418       0.9873963752761483
     656.2904603068712959       0.9952346109785140
     656.2906604402935500       1.0571880526840687
     656.2908605737158041       0.9696720633655787
     656.2910607071381719       0.8974344953894615
     656.2912608405604260       1.0270736962556839
     656.2914609739826801       1.0056362464092672
     656.2916611074049342       0.9777413588017225
     656.2918612408273020       1.0592622235417366
     656.2920613742495561       1.0627071931958199
     656.2922615076718103       1.0128055056557059
     656.2924616410940644       1.0077239084057510
     656.2926617745164322       1.0965518653392792
     656.2928619079386863       0.9979261762928218
     656.2930620413609404       1.0124084977433085
     656.2932621747831945       1.0829353928565979
     656.2934623082054486       0.9644681401550770
     656.2936624416278164       1.0570483170449734
     656.2938625750500705       0.9733668323606253
     656.2940627084723246       1.0116255097091198
     656.2942628418945787       1.0473859384655952
     656.2944629753169465       1.0636579021811485
     656.2946631087392007       1.0192379187792540
     656.2948632421614548       0.9308416917920113
     656.2950633755837089       1.0555622875690460
     656.2952635090060767       1.0286863278597593
     656.2954636424283308       1.0411958247423172
     656.2956637758505849       0.9571084603667259
     656.2958639092728390       1.0436282530426979
     656.2960640426952068       1.0855292305350304
     656.2962641761174609       0.9709465205669403
     656.2964643095397150       0.9794404823333025
     656.2966644429619691       1.0067273797467351
     656.2968645763843369       1.0350636206567287
     656.2970647098065911       0.9734177757054567
     656.2972648432288452       0.9304419606924057
     656.2974649766510993       0.9913446130231023
     656.2976651100734671       1.0287902932614088
     656.2978652434957212       0.9497567936778069
     656.2980653769179753       0.9514619186520576
     656.2982655103402294       0.9841131735593081
     656.2984656437624835       0.9727874509990215
     656.2986657771848513       1.0480091385543346
     656.2988659106071054       1.0077858525328338
     656.2990660440293595       0.9618535526096821
     656.2992661774516137       0.9939861176535487
     656.2994663108739815       0.9790951106697321
     656.2996664442962356       1.0334552042186260
     656.2998665777184897       0.9819312095642090
     656.3000667111407438       1.0659052655100822
     656.3002668445631116       1.0870143026113510
     656.3004669779853657       0.9738918114453554
     656.3006671114076198       1.0136556448414922
     656.3008672448298739       1.0210273768752813
     656.3010673782522417       0.9998274282988859
     656.3012675116744958       0.9343919306993484
     656.3014676450967499       1.0090615293011069
     656.3016677785190041       1.1151085123419762
     656.3018679119413719       0.9191360920667648
     656.3020680453636260       1.0562436766922474
     656.3022681787858801       1.0546242967247963
     656.3024683122081342       0.9846749911084771
     656.3026684456305020       0.9474002309143543
     656.3028685790527561       1.0069978423416615
     656.3030687124750102       1.0289035029709339
     656.3032688458972643       0.9761227462440729
     656.3034689793196321       1.0438041538000107
     656.3036691127418862       0.9637275263667107
     656.3038692461641403       1.0594191215932369
     656.3040693795863945       0.9947667382657528
     656.3042695130086486       1.0446503423154354
     656.3044696464310164       1.0023512558545917
     656.3046697798532705       0.9958185553550719
     656.3048699132755246       0.9671369642019271
     656.3050700466977787       0.9801277033984659
     656.3052701801201465       0.9352801814675328
     656.3054703135424006       0.9048468992114062
     656.3056704469646547       0.8637992888689033
     656.3058705803869088       0.9918738184496749
     656.3060707138092766       1.0232380963861925
     656.3062708472315308       0.9443712532520269
     656.3064709806537849       0.9828958585858307
     656.3066711140760390       0.9988176418701130
     656.3068712474984068       0.9529878981411374
     656.3070713809206609       1.0338963977992410
     656.3072715143429150       1.0081831263378080
     656.3074716477651691       1.0577032752334803
     656.3076717811875369       0.9781599137931668
     656.3078719146097910       0.9154269844293017
     656.3080720480320451       0.9953291700220754
     656.3082721814542992       1.0957727134226523
     656.3084723148766670       1.0171032119540575
     656.3086724482989212       1.0561150088903699
     656.3088725817211753       1.0167476050551962
     656.3090727151434294       1.0230836644763313
     656.3092728485656835       0.9712048713110063
     656.3094729819880513       0.9893465004850195
     656.3096731154103054       1.0268171858026500
     656.3098732488325595       1.0375484786904878
     656.3100733822548136       0.9992761838333767
     656.3102735156771814       1.0268881972832971
     656.3104736490994355       1.0492104813391043
     656.3106737825216896       1.0147972879838725
     656.3108739159439438       0.9351127520072976
     656.3110740493663116       0.9670382141883190
     656.3112741827885657       0.9631118066351008
     656.3114743162108198       1.0271446760382825
     656.3116744496330739       1.0199099499228113
     656.3118745830554417       1.0119190848661574
     656.3120747164776958       1.0078719275959167
     656.3122748498999499       0.9411923809487384
     656.3124749833222040       0.9998224874020221
     656.3126751167445718       1.0123684087052744
     656.3128752501668259       0.9568124335438100
     656.3130753835890800       0.9495463291904888
     656.3132755170113342       1.0809521817461087
     656.3134756504337020       0.9413195727612882
     656.3136757838559561       1.0172874058319907
     656.3138759172782102       1.1035046486124362
     656.3140760507004643       0.9531322285087624
     656.3142761841228321       1.0398269041360466
     656.3144763175450862       1.0662863287505349
     656.3146764509673403       0.9847799539566443
     656.3148765843895944       1.0276606659876184
     656.3150767178118485       1.0255474403762403
     656.3152768512342163       0.9719731878683598
     656.3154769846564704       0.9914162362493829
     656.3156771180787246       0.9418287077635553
     656.3158772515009787       0.9866221913206858
     656.3160773849233465       0.9087934079327198
     656.3162775183456006       1.0192215790051073
     656.3164776517678547       0.9893402129526707
     656.3166777851901088       1.0144435118454012
     656.3168779186124766       1.0099255885264111
     656.3170780520347307       1.0607417999828326
     656.3172781854569848       0.9187929843687344
     656.3174783188792389       0.9870684432792797
     656.3176784523016067       1.0462856342661391
     656.3178785857238609       1.0123161112412979
     656.3180787191461150       1.0695876045175168
     656.3182788525683691       0.9230610553665892
     656.3184789859907369       0.9701423852180190
     656.3186791194129910       0.8523638228711307
     656.3188792528352451       1.0131754881576074
     656.3190793862574992       1.1014388348332940
     656.3192795196798670       1.0056810471098505
     656.3194796531021211       1.0545458326178796
     656.3196797865243752       1.0779333812050251
     656.3198799199466293       1.0261789102903927
     656.3200800533688835       0.9227847151239673
     656.3202801867912513       1.0451677719926222
     656.3204803202135054       0.9702757482657790
     656.3206804536357595       0.9917136565438608
     656.3208805870580136       1.0272979391387085
     656.3210807204803814       1.0027356804503782
     656.3212808539026355       1.0163859679804153
     656.3214809873248896       0.9998798304919930
     656.3216811207471437       1.0118314618611763
     656.3218812541695115       1.0321427893593564
     656.3220813875917656       0.9927680728688799
     656.3222815210140197       0.9846269821203085
     656.3224816544362739       0.9750875761289640
     656.3226817878586417       0.9964975188910857
     656.3228819212808958       1.0017191660553348
     656.3230820547031499       1.0562795715125453
     656.3232821881254040       1.0258899308289542
     656.3234823215477718       1.0920275778737945
     656.3236824549700259       0.9541083494694265
     656.3238825883922800       1.0599020847412719
     656.3240827218145341       1.0410366591940405
     656.3242828552369019       0.9603445597892273
     656.3244829886591560       1.0220161010072792
     656.3246831220814101       0.9745213645768306
     656.3248832555036643       0.9447431982914363
     656.3250833889260321       0.9317633134385356
     656.3252835223482862       0.9660065433729035
     656.3254836557705403       0.9547160816518169
     656.3256837891927944       1.0140374472832818
     656.3258839226150485       1.0514555205505691
     656.3260840560374163       1.0283866801881016
     656.3262841894596704       0.9013713986821393
     656.3264843228819245       0.8941812048207259
     656.3266844563041786       1.0082832022460233
     656.3268845897265464       0.9614584024397634
     656.3270847231488005       0.9470438340535076
     656.3272848565710547       0.9952070305355688
     656.3274849899933088       1.0123059618481927
     656.3276851234156766       1.0779380306968291
     656.3278852568379307       0.9206995487461951
     656.3280853902601848       0.9717369072115835
     656.3282855236824389       0.9634082756645604
     656.3284856571048067       1.0320379036439933
     656.3286857905270608       1.0300054576147972
     656.3288859239493149       1.0220057821001516
     656.3290860573715690       0.9492611141227959
     656.3292861907939368       0.9698089189226834
     656.3294863242161910       0.9007259987379205
     656.3296864576384451       0.9892601803464696
     656.3298865910606992       1.0317955066884408
     656.3300867244830670       0.9625319474946096
     656.3302868579053211       1.0051549142803076
     656.3304869913275752       0.8644424243965252
     656.3306871247498293       0.9888306266885958
     656.3308872581721971       0.9962337593058849
     656.3310873915944512       1.0347788739976247
     656.3312875250167053       0.9815137473704099
     656.3314876584389594       1.0522893927549384
     656.3316877918612136       1.0025898357329854
     656.3318879252835814       0.8700488862651773
     656.3320880587058355       0.9554688066388859
     656.3322881921280896       0.9161530987913817
     656.3324883255503437       0.9615592495419170
     656.3326884589727115       0.8853469639772253
     656.3328885923949656       0.8368306543970297
     656.3330887258172197       0.8414003210841514
     656.3332888592394738       0.9226803240828634
     656.3334889926618416       0.8288423267707929
     656.3336891260840957       0.8794326272957419
     656.3338892595063498       0.7874951987840262
     656.3340893929286040       0.8611411620790178
     656.3342895263509718       0.8865837616230898
     656.3344896597732259       1.0350839465311243
     656.3346897931954800       0.9217211318287033
     656.3348899266177341       0.9133535448867475
     656.3350900600401019       0.8919536081909198
     656.3352901934623560       0.7996624714440829
     656.3354903268846101       0.8039423530673866
     656.3356904603068642       0.8446686270081013
     656.3358905937292320       0.8219986285372589
     656.3360907271514861       0.8004925137561112
     656.3362908605737402       0.9568044215395151
     656.3364909939959944       0.7656306982678994
     656.3366911274182485       0.8349082029644759
     656.3368912608406163       0.8062038585633291
     656.3370913942628704       0.8247445521930742
     656.3372915276851245       0.6459885533346434
     656.3374916611073786       0.7184828508354308
     656.3376917945297464       0.8641425612168343
     656.3378919279520005       0.7985768541017181
     656.3380920613742546       0.7604159757071564
     656.3382921947965087       0.7332251719550242
     656.3384923282188765       0.8071427481542555
     656.3386924616411306       0.8905121312645282
     656.3388925950633848       0.8630714804562677
     656.3390927284856389       0.9380375076176133
     656.3392928619080067       0.7918211972919305
     656.3394929953302608       0.8274083181815286
     656.3396931287525149       0.7395613300266163
     656.3398932621747690       0.8563687016450676
     656.3400933955971368       0.8824128120604005
     656.3402935290193909       0.7928652797980793
     656.3404936624416450       0.8839389525478685
     656.3406937958638991       0.8147476572209240
     656.3408939292862669       0.7835318635940108
     656.3410940627085211       0.8907645110118024
     656.3412941961307752       0.8831229987669658
     656.3414943295530293       0.9799801409876072
     656.3416944629753971       0.7903243959079430
     656.3418945963976512       0.7847224130630573
     656.3420947298199053       0.8671631505416908
     656.3422948632421594       0.8591542041696297
     656.3424949966644135       0.8361474108339882
     656.3426951300867813       0.9634965306662032
     656.3428952635090354       0.9736114112882702
     656.3430953969312895       0.8789662093096424
     656.3432955303535437       0.9101727282288573
     656.3434956637759115       0.9516764701249287
     656.3436957971981656       0.8096724180857136
     656.3438959306204197       0.8955775825030104
     656.3440960640426738       0.9868036768009695
     656.3442961974650416       0.9497931872442074
     656.3444963308872957       0.9295496827888204
     656.3446964643095498       0.9258723545596597
     656.3448965977318039       0.9797471498173602
     656.3450967311541717       0.9662766718116441
     656.3452968645764258       0.9817896754131021
     656.3454969979986799       0.9431342274971116
     656.3456971314209341       0.9723040531186802
     656.3458972648433019       1.0684853002756687
     656.3460973982655560       1.0436522632144440
     656.3462975316878101       0.9765144315328089
     656.3464976651100642       1.0367626609467180
     656.3466977985324320       1.0023386358733397
     656.3468979319546861       1.0464328940793548
     656.3470980653769402       1.0326671625562436
     656.3472981987991943       1.0273873588837499
     656.3474983322214484       1.0393147134960137
     656.3476984656438162       0.9136686605678233
     656.3478985990660703       0.8965001567230361
     656.3480987324883245       1.0589652637780826
     656.3482988659105786       1.0179018451954465
     656.3484989993329464       0.9529402194093317
     656.3486991327552005       0.9558561730029167
     656.3488992661774546       0.9476480482002569
     656.3490993995997087       1.0125482130246055
     656.3492995330220765       1.0788591531415275
     656.3494996664443306       1.0440189608426214
     656.3496997998665847       1.0380339929865476
     656.3498999332888388       0.9196087136444965
     656.3501000667112066       0.9657210727815636
     656.3503002001334607       1.0207235165505857
     656.3505003335557149       0.9813188857389318
     656.3507004669779690       1.0146455446151925
     656.3509006004003368       1.0228445612094443
     656.3511007338225909       0.9906865026587612
     656.3513008672448450       1.0404450259722320
     656.3515010006670991       1.0633373424143451
     656.3517011340894669       0.8946597862048473
     656.3519012675117210       1.0500028718565126
     656.3521014009339751       1.0203940869512458
     656.3523015343562292       0.9936247461653162
     656.3525016677785970       0.9918932777043376
     656.3527018012008512       1.0033262507898431
     656.3529019346231053       0.9627212041339052
     656.3531020680453594       0.9418029493033913
     656.3533022014676135       0.9758169697969150
     656.3535023348899813       0.9885757192731380
     656.3537024683122354       0.9087958880885360
     656.3539026017344895       0.9711065395324292
     656.3541027351567436       0.9849490572045517
     656.3543028685791114       0.9801187205033161
     656.3545030020013655       1.0003100067534374
     656.3547031354236196       1.0564127323773678
     656.3549032688458738       0.9236584805886549
     656.3551034022682416       0.9124459766245649
     656.3553035356904957       1.0831529477362132
     656.3555036691127498       1.1403017452055124
     656.3557038025350039       0.9889418120845700
     656.3559039359573717       1.0561077817114168
     656.3561040693796258       1.0020253940931636
     656.3563042028018799       0.9852654658419380
     656.3565043362241340       0.9612051181366557
     656.3567044696465018       0.9871350674380057
     656.3569046030687559       1.0279220385645280
     656.3571047364910100       1.0086093110508891
     656.3573048699132642       1.0222660371048566
     656.3575050033356320       1.1155885674160233
     656.3577051367578861       0.9807808228355079
     656.3579052701801402       0.9662475819234508
     656.3581054036023943       0.9884294677390280
     656.3583055370246484       0.9798225965145211
     656.3585056704470162       0.8993961718844811
     656.3587058038692703       0.9920499636722033
     656.3589059372915244       0.9946200496689922
     656.3591060707137785       1.0809165213245364
     656.3593062041361463       0.9859039825529792
     656.3595063375584004       1.0233933009673910
     656.3597064709806546       1.0136418972917789
     656.3599066044029087       0.9556268798568356
     656.3601067378252765       0.9704415291998671
     656.3603068712475306       0.9755905503513644
     656.3605070046697847       1.0278993307725999
     656.3607071380920388       1.0596905355105970
     656.3609072715144066       1.0745192172186766
     656.3611074049366607       0.9970512682165938
     656.3613075383589148       1.0115909060180996
     656.3615076717811689       0.9678107145660353
     656.3617078052035367       1.0793105591932937
     656.3619079386257908       1.0545832350905298
     656.3621080720480450       0.9907323325454414
     656.3623082054702991       1.0094357504684450
     656.3625083388926669       0.9690965597721124
     656.3627084723149210       0.9251451551167198
     656.3629086057371751       1.0807593453339277
     656.3631087391594292       0.9736443153516329
     656.3633088725817970       0.9828717721030020
     656.3635090060040511       1.0809656526103184
     656.3637091394263052       1.0313681323517678
     656.3639092728485593       0.9250648093814335
     656.3641094062708135       0.9642714744564720
     656.3643095396931813       0.9574125035345409
     656.3645096731154354       1.0427288859179926
     656.3647098065376895       1.0206159855521109
     656.3649099399599436       1.0434754117857452
     656.3651100733823114       0.9578456431293847
     656.3653102068045655       0.9367304518580818
     656.3655103402268196       0.8727767616340878
     656.3657104736490737       0.9605408981322039
     656.3659106070714415       0.9862629100595031
     656.3661107404936956       0.9969926418210611
     656.3663108739159497       1.0156729519324701
     656.3665110073382039       0.9917469629987976
     656.3667111407605717       1.1059603020527846
     656.3669112741828258       0.9496596567318066
     656.3671114076050799       0.9534096531559713
     656.3673115410273340       1.0053400672033748
     656.3675116744497018       0.9682216830546670
     656.3677118078719559       1.0096960524093652
     656.3679119412942100       1.0274117048827422
     656.3681120747164641       0.9444892704485212
     656.3683122081388319       0.9799954369663068
     656.3685123415610860       0.9844797933473411
     656.3687124749833401       1.1425864994525381
     656.3689126084055943       0.9991746582090495
     656.3691127418278484       1.0257928874343389
     656.3693128752502162       1.0248071309178901
     656.3695130086724703       0.9840611964464074
     656.3697131420947244       0.8932497575879020
     656.3699132755169785       1.0569997914135405
     656.3701134089393463       0.9785176310688223
     656.3703135423616004       0.9638142213225341
     656.3705136757838545       1.0398325435817226
     656.3707138092061086       0.9828802980482568
     656.3709139426284764       1.0038668308407062
     656.3711140760507305       0.9968520435504611
     656.3713142094729847       1.0268893688917156
     656.3715143428952388       1.0152515619993208
     656.3717144763176066       1.0008133003721014
     656.3719146097398607       0.9844942940399050
     656.3721147431621148       1.0190500132739544
     656.3723148765843689       1.0187448356300592
     656.3725150100067367       1.0516452006995678
     656.3727151434289908       0.9758151937276125
     656.3729152768512449       1.0053957053460181
     656.3731154102734990       1.1310115456581116
     656.3733155436958668       0.9980634584790096
     656.3735156771181209       1.0043182368390262
     656.3737158105403751       1.0200491026043892
     656.3739159439626292       0.9842816051095724
     656.3741160773849970       0.9780841860920191
     656.3743162108072511       0.9662666320800781
     656.3745163442295052       0.9713674355298281
     656.3747164776517593       1.0026353027205914
     656.3749166110740134       1.0387243703007698
     656.3751167444963812       0.9026806503534317
     656.3753168779186353       0.9109752848744392
     656.3755170113408894       1.0787046179175377
     656.3757171447631436       1.0008689068490639
     656.3759172781855113       0.9936079648323357
     656.3761174116077655       0.9151289314031601
     656.3763175450300196       1.0347197763621807
     656.3765176784522737       1.0277271121740341
     656.3767178118746415       1.0045080953277647
     656.3769179452968956       1.0345806069672108
     656.3771180787191497       0.9850457981228828
     656.3773182121414038       1.0248714461922646
     656.3775183455637716       0.9800829347223043
     656.3777184789860257       0.9410829059779644
     656.3779186124082798       0.8952530100941658
     656.3781187458305340       1.0609350390732288
     656.3783188792529018       0.9310392737388611
     656.3785190126751559       0.9295535460114479
     656.3787191460974100       0.9635381214320660
     656.3789192795196641       1.0543403103947639
     656.3791194129420319       0.9190184623003006
     656.3793195463642860       1.0654836371541023
     656.3795196797865401       0.8642388284206390
     656.3797198132087942       1.0256844609975815
     656.3799199466311620       1.0233041904866695
     656.3801200800534161       1.0263106059283018
     656.3803202134756702       1.0443903319537640
     656.3805203468979244       1.0494375899434090
     656.3807204803201785       0.8797438740730286
     656.3809206137425463       1.0483035370707512
     656.3811207471648004       0.9466748535633087
     656.3813208805870545       0.9794933088123798
     656.3815210140093086       1.0196824818849564
     656.3817211474316764       0.9861030066385865
     656.3819212808539305       0.9724862668663263
     656.3821214142761846       0.9982417635619640
     656.3823215476984387       0.9804623443633318
     656.3825216811208065       0.9905615858733654
     656.3827218145430606       0.9968566691968590
     656.3829219479653148       0.9265989586710930
     656.3831220813875689       1.0559505335986614
     656.3833222148099367       1.0853431448340416
     656.3835223482321908       1.0588650964200497
     656.3837224816544449       1.0346533916890621
     656.3839226150766990       1.0587201677262783
     656.3841227484990668       0.9531321376562119
     656.3843228819213209       0.9808896481990814
     656.3845230153435750       1.0346198938786983
     656.3847231487658291       0.9943446298129857
     656.3849232821881969       0.9634689725935459
     656.3851234156104510       1.0560340061783791
     656.3853235490327052       1.0239990856498480
     656.3855236824549593       0.9242652133107185
     656.3857238158772134       1.0329669564962387
     656.3859239492995812       0.9514690674841404
     656.3861240827218353       1.0584251098334789
     656.3863242161440894       1.0535041652619839
     656.3865243495663435       0.9166543111205101
     656.3867244829887113       0.9757281020283699
     656.3869246164109654       1.0247881803661585
     656.3871247498332195       1.0276936832815409
     656.3873248832554737       0.9464521594345570
     656.3875250166778414       0.9792367313057184
     656.3877251501000956       0.9782226681709290
     656.3879252835223497       1.0361795425415039
     656.3881254169446038       0.9380257651209831
     656.3883255503669716       0.9579465501010418
     656.3885256837892257       1.0515972785651684
     656.3887258172114798       0.9961572408210486
     656.3889259506337339       0.9340850785374641
     656.3891260840561017       1.0161520484834909
     656.3893262174783558       1.0019473051652312
     656.3895263509006099       0.9760564099997282
     656.3897264843228641       1.0458365529775620
     656.3899266177452319       1.0441617481410503
     656.3901267511674860       1.0806685313582420
     656.3903268845897401       0.8995724394917488
     656.3905270180119942       0.9567392803728580
     656.3907271514343620       1.0562555789947510
     656.3909272848566161       1.0703186243772507
     656.3911274182788702       0.9700723905116320
     656.3913275517011243       1.0291313268244267
     656.3915276851233784       0.9843371529132128
     656.3917278185457462       0.9934480399824679
     656.3919279519680003       1.0348463915288448
     656.3921280853902545       0.9981934099923819
     656.3923282188125086       1.0125559112057090
     656.3925283522348764       1.0370377488434315
     656.3927284856571305       1.0432956255972385
     656.3929286190793846       0.9776407517492771
     656.3931287525016387       0.9629600718617439
     656.3933288859240065       1.0099759362637997
     656.3935290193462606       1.0616783685982227
     656.3937291527685147       0.9192288741469383
     656.3939292861907688       1.0507577769458294
     656.3941294196131366       1.0053653847426176
     656.3943295530353907       0.9702245090156794
     656.3945296864576449       0.9207116663455963
     656.3947298198798990       1.0938261225819588
     656.3949299533022668       0.9035819545388222
     656.3951300867245209       1.0197841618210077
     656.3953302201467750       0.9966920576989651
     656.3955303535690291       0.9682792909443378
     656.3957304869913969       1.0083884894847870
     656.3959306204136510       0.9637827388942242
     656.3961307538359051       0.8937757983803749
     656.3963308872581592       1.0327293165028095
     656.3965310206804133       0.8887355774641037
     656.3967311541027811       0.9415555298328400
     656.3969312875250353       1.0071270889602602
     656.3971314209472894       1.1208649650216103
     656.3973315543695435       0.9809280019253492
     656.3975316877919113       1.0634704008698463
     656.3977318212141654       1.1250126957893372
     656.3979319546364195       1.0137767335399985
     656.3981320880586736       0.9820217266678810
     656.3983322214810414       0.9288938269019127
     656.3985323549032955       1.0001665925228735
     656.3987324883255496       0.9838112704455853
     656.3989326217478038       0.9643704816699028
     656.3991327551701715       0.9738529790192842
     656.3993328885924257       0.9740574508905411
     656.3995330220146798       1.0328155420720577
     656.3997331554369339       0.9833554197102785
     656.3999332888593017       0.8915761560201645
     656.4001334222815558       1.0253159012645483
     656.4003335557038099       0.9738676846027374
     656.4005336891260640       1.1269169300794601
     656.4007338225484318       0.9604832753539085
     656.4009339559706859       1.0444150194525719
     656.4011340893929400       1.0676025226712227
     656.4013342228151942       1.0086961770430207
     656.4015343562375620       0.9766566399484873
     656.4017344896598161       1.0376831367611885
     656.4019346230820702       1.0510265007615089
     656.4021347565043243       1.0093681355938315
     656.4023348899265784       1.0877714380621910
     656.4025350233489462       0.9688355494290590
     656.4027351567712003       1.0143397469073534
     656.4029352901934544       0.9859507316723466
     656.4031354236157085       0.9911334915086627
     656.4033355570380763       0.9716646093875170
     656.4035356904603304       1.0439020842313766
     656.4037358238825846       0.9837718233466148
     656.4039359573048387       1.1240454316139221
     656.4041360907272065       0.9782804604619741
     656.4043362241494606       1.0493742711842060
     656.4045363575717147       1.0990755483508110
     656.4047364909939688       1.0149177433922887
     656.4049366244163366       1.0011496240040287
     656.4051367578385907       1.1044806763529778
     656.4053368912608448       0.9986917742062360
     656.4055370246830989       0.9847847400233150
     656.4057371581054667       1.0461626462638378
     656.4059372915277208       1.0049530989490449
     656.4061374249499750       0.9860514532774687
     656.4063375583722291       1.0100896069779992
     656.4065376917945969       1.0112720588222146
     656.4067378252168510       1.0272295810282230
     656.4069379586391051       1.0543388985097408
     656.4071380920613592       0.9726224634796381
     656.4073382254836133       1.1146813035011292
     656.4075383589059811       0.9320142716169357
     656.4077384923282352       0.9431183151900768
     656.4079386257504893       0.9656783826649189
     656.4081387591727434       1.0375111140310764
     656.4083388925951112       0.9835007283836603
     656.4085390260173654       0.9375878907740116
     656.4087391594396195       0.8982368335127831
     656.4089392928618736       0.9941145316697657
     656.4091394262842414       0.9541458524763584
     656.4093395597064955       1.0152168646454811
     656.4095396931287496       1.0203924719244242
     656.4097398265510037       1.0209688972681761
     656.4099399599733715       0.9627271480858326
     656.4101400933956256       0.9590857625007629
     656.4103402268178797       1.0470021776854992
     656.4105403602401339       0.8564198762178421
     656.4107404936625016       0.9744138512760401
     656.4109406270847558       0.9851908804848790
     656.4111407605070099       0.9786326624453068
     656.4113408939292640       0.9775442499667406
     656.4115410273516318       1.0556726157665253
     656.4117411607738859       0.9675226435065269
     656.4119412941961400       1.0115057472139597
     656.4121414276183941       1.0489273965358734
     656.4123415610407619       1.0117188869044185
     656.4125416944630160       1.0436089001595974
     656.4127418278852701       0.9789038915187120
     656.4129419613075243       0.9593034833669662
     656.4131420947297784       1.0895923376083374
     656.4133422281521462       1.0201150402426720
     656.4135423615744003       1.0568229816854000
     656.4137424949966544       1.0123228542506695
     656.4139426284189085       0.9459618031978607
     656.4141427618412763       0.9460610784590244
     656.4143428952635304       1.0545179247856140
     656.4145430286857845       0.8762038424611092
     656.4147431621080386       0.9821149669587612
     656.4149432955304064       0.9990436869557016
     656.4151434289526605       0.9542247578501701
     656.4153435623749147       0.9967415104620159
     656.4155436957971688       0.9663366936147213
     656.4157438292195366       0.9953438942320645
     656.4159439626417907       0.9320097863674164
     656.4161440960640448       1.1465960890054703
     656.4163442294862989       0.9934128997847438
     656.4165443629086667       1.0084797590970993
     656.4167444963309208       1.0544915273785591
     656.4169446297531749       0.9680433906614780
     656.4171447631754290       1.0190435629338026
     656.4173448965977968       0.9138271659612656
     656.4175450300200509       1.0631163194775581
     656.4177451634423051       1.0006950931856409
     656.4179452968645592       1.0561577491462231
     656.4181454302869270       1.0237989332526922
     656.4183455637091811       1.0041127698495984
     656.4185456971314352       1.0079339463263750
     656.4187458305536893       1.0195628739893436
     656.4189459639759434       0.9566781595349312
     656.4191460973983112       0.9861194547265768
     656.4193462308205653       1.0815322026610374
     656.4195463642428194       0.9688124023377895
     656.4197464976650735       0.9547674842178822
     656.4199466310874413       0.9958821395412087
     656.4201467645096955       0.9641673602163792
     656.4203468979319496       1.0098329633474350
     656.4205470313542037       0.9288438484072685
     656.4207471647765715       0.9919565701857209
     656.4209472981988256       1.0256240200251341
     656.4211474316210797       0.9293035715818405
     656.4213475650433338       0.9952351045794785
     656.4215476984657016       0.9955068556591868
     656.4217478318879557       1.0114189637824893
     656.4219479653102098       1.0523346550762653
     656.4221480987324640       1.0319102369248867
     656.4223482321548317       1.0497793182730675
     656.4225483655770859       1.0139354048296809
     656.4227484989993400       1.0365119092166424
     656.4229486324215941       0.9431926496326923
     656.4231487658439619       0.8750336393713951
     656.4233488992662160       0.9022755622863770
     656.4235490326884701       0.9748505800962448
     656.4237491661107242       0.9570669978857040
     656.4239492995329783       0.9157929793000221
     656.4241494329553461       0.9970639829989523
     656.4243495663776002       0.9488012231886387
     656.4245496997998544       1.0082206437364221
     656.4247498332221085       1.0268163718283176
     656.4249499666444763       1.0066472212783992
     656.4251501000667304       0.9957728171721101
     656.4253502334889845       1.0770787820219994
     656.4255503669112386       1.0148225324228406
     656.4257505003336064       0.9993635758874007
     656.4259506337558605       1.0716748163104057
     656.4261507671781146       0.9639456309378147
     656.4263509006003687       1.0001360862370348
     656.4265510340227365       1.0298861563205719
     656.4267511674449906       0.9900456201285124
     656.4269513008672448       0.9420493878424168
     656.4271514342894989       1.0870765298604965
     656.4273515677118667       1.0274039153009653
     656.4275517011341208       1.0206807646900415
     656.4277518345563749       1.1490104645490646
     656.4279519679786290       0.9696708265691996
     656.4281521014009968       1.0221495088189840
     656.4283522348232509       0.8887000754475594
     656.4285523682455050       0.9611802250146866
     656.4287525016677591       1.0124250631779432
     656.4289526350901269       1.0636649802327156
     656.4291527685123810       0.9465460292994976
     656.4293529019346352       1.0796401947736740
     656.4295530353568893       1.0233283583074808
     656.4297531687791434       0.9958894089795649
     656.4299533022015112       0.9472573325037956
     656.4301534356237653       1.0641087815165520
     656.4303535690460194       1.0012556890724227
     656.4305537024682735       0.9760564919561148
     656.4307538358906413       0.9949286831542850
     656.4309539693128954       0.9818722233176231
     656.4311541027351495       0.9618006870150566
     656.4313542361574036       1.0220851060003042
     656.4315543695797714       1.0219108946621418
     656.4317545030020256       1.0597709827125072
     656.4319546364242797       1.0849333852529526
     656.4321547698465338       1.0213292632251978
     656.4323549032689016       0.8707434982061386
     656.4325550366911557       1.0030038282275200
     656.4327551701134098       1.0408604927361012
     656.4329553035356639       0.9350380972027779
     656.4331554369580317       0.9917575987055898
     656.4333555703802858       0.9965119275730103
     656.4335557038025399       1.0343870632350445
     656.4337558372247940       0.9944440997205675
     656.4339559706471618       1.1337346136569977
     656.4341561040694160       1.0441793762147427
     656.4343562374916701       1.0321388132870197
     656.4345563709139242       0.9758698921650648
     656.4347565043361783       0.9739028308540583
     656.4349566377585461       1.0926986262202263
     656.4351567711808002       0.9980320213362575
     656.4353569046030543       0.9956643097102642
     656.4355570380253084       1.0121153220534325
     656.4357571714476762       1.0235400684177876
     656.4359573048699303       0.9923193370923400
     656.4361574382921845       1.0055530364625156
     656.4363575717144386       0.9450248517096043
     656.4365577051368064       1.0272273924201727
     656.4367578385590605       1.0010219900868833
     656.4369579719813146       0.9867073148488998
     656.4371581054035687       1.0512256734073162
     656.4373582388259365       1.0752473473548889
     656.4375583722481906       1.0440481714904308
     656.4377585056704447       0.9542375542223454
     656.4379586390926988       0.9915848737582564
     656.4381587725150666       1.0255173686891794
     656.4383589059373207       1.0777616426348686
     656.4385590393595749       0.9733644984662533
     656.4387591727818290       0.9600902684032917
     656.4389593062041968       0.9663371331989765
     656.4391594396264509       0.9180638045072556
     656.4393595730487050       1.0733280107378960
     656.4395597064709591       0.9528873041272163
     656.4397598398933269       1.0835924297571182
     656.4399599733155810       0.9930036431178451
     656.4401601067378351       1.0037036412395537
     656.4403602401600892       1.0159130524843931
     656.4405603735823433       1.0077471598051488
     656.4407605070047111       1.0239480026066303
     656.4409606404269653       0.9368843957781792
     656.4411607738492194       0.9396742209792137
     656.4413609072714735       1.0030674242880195
     656.4415610406938413       1.0134111931547523
     656.4417611741160954       1.0032959238160402
     656.4419613075383495       1.0162450801581144
     656.4421614409606036       0.9680300615727901
     656.4423615743829714       0.9831401314586401
     656.4425617078052255       1.0238506179302931
     656.4427618412274796       0.9444712102413177
     656.4429619746497337       1.0277223195880651
     656.4431621080721015       0.9352432265877724
     656.4433622414943557       0.9066243022680283
     656.4435623749166098       0.9872341975569725
     656.4437625083388639       1.0012639539781958
     656.4439626417612317       0.9509811438620090
     656.4441627751834858       0.9250265657901764
     656.4443629086057399       1.0363858193159103
     656.4445630420279940       0.9934525452554226
     656.4447631754503618       0.9920194381847978
     656.4449633088726159       1.1001112014055252
     656.4451634422948700       1.0311065707355738
     656.4453635757171241       1.0098506240174174
     656.4455637091393783       1.0199080016463995
     656.4457638425617461       0.9369049295783043
     656.4459639759840002       0.9734851475805044
     656.4461641094062543       0.9944278728216887
     656.4463642428285084       1.0024124979972839
     656.4465643762508762       1.0621885135769844
     656.4467645096731303       0.9561089016497135
     656.4469646430953844       0.9948263806290925
     656.4471647765176385       0.9979804346803576
     656.4473649099400063       0.9746426809579134
     656.4475650433622604       1.0168702956289053
     656.4477651767845146       0.9504670090973377
     656.4479653102067687       0.9069940000772476
     656.4481654436291365       0.9678198844194412
     656.4483655770513906       0.9621424004435539
     656.4485657104736447       0.9182503446936607
     656.4487658438958988       1.0370022132992744
     656.4489659773182666       1.0293519254773855
     656.4491661107405207       1.0039150333032012
     656.4493662441627748       0.9601777233183384
     656.4495663775850289       0.9727643486112356
     656.4497665110073967       0.9318915531039238
     656.4499666444296508       0.9579831250011921
     656.4501667778519050       1.0902447551488876
     656.4503669112741591       1.0096668628975749
     656.4505670446965269       0.9663000032305717
     656.4507671781187810       0.9860323844477534
     656.4509673115410351       1.0009399141999893
     656.4511674449632892       0.9906370369717479
     656.4513675783855433       0.9796334747225046
     656.4515677118079111       1.0032224894966930
     656.4517678452301652       1.0340257994830608
     656.4519679786524193       0.9705603513866663
     656.4521681120746734       0.9954324164427817
     656.4523682454970412       1.0659696683287621
     656.4525683789192954       1.0197606254369020
     656.4527685123415495       1.0090164626017213
     656.4529686457638036       1.0785980746150017
     656.4531687791861714       0.9826511163264513
     656.4533689126084255       1.0650129914283752
     656.4535690460306796       1.0804103761911392
     656.4537691794529337       0.9711887203156948
     656.4539693128753015       1.0129807582125068
     656.4541694462975556       0.9900113046169281
     656.4543695797198097       0.9780025221407413
     656.4545697131420638       1.0051680193282664
     656.4547698465644316       1.0020276517607272
     656.4549699799866858       1.0705590024590492
     656.4551701134089399       0.9497974812984467
     656.4553702468311940       1.0414239875972271
     656.4555703802535618       1.0402220822870731
     656.4557705136758159       0.9777139592915773
     656.4559706470980700       0.9627230539917946
     656.4561707805203241       0.9514665827155113
     656.4563709139425782       0.9629537351429462
     656.4565710473649460       1.0702693387866020
     656.4567711807872001       1.0678782388567924
     656.4569713142094542       0.9466919787228107
     656.4571714476317084       0.9987266493262723
     656.4573715810540762       0.9599662795662880
     656.4575717144763303       0.9632987529039383
     656.4577718478985844       0.9905157396569848
     656.4579719813208385       1.0356534235179424
     656.4581721147432063       0.9882052866742015
     656.4583722481654604       0.9645586572587490
     656.4585723815877145       1.0025530869606882
     656.4587725150099686       0.9696976654231548
     656.4589726484323364       1.0079612871631980
     656.4591727818545905       0.9907430419698358
     656.4593729152768447       1.0011773565784097
     656.4595730486990988       1.0084266355261207
     656.4597731821214666       0.9831281322985888
     656.4599733155437207       1.0511325486004353
     656.4601734489659748       1.0652776658535004
     656.4603735823882289       0.9637371376156807
     656.4605737158105967       0.9974437444470823
     656.4607738492328508       0.9504108242690563
     656.4609739826551049       0.9441027641296387
     656.4611741160773590       1.0122801428660750
     656.4613742494997268       0.9331820681691170
     656.4615743829219809       1.0234709046781063
     656.4617745163442351       0.9895224766805768
     656.4619746497664892       0.9461051933467388
     656.4621747831887433       0.9532720185816288
     656.4623749166111111       0.9231062904000282
     656.4625750500333652       0.9819632451981306
     656.4627751834556193       1.0960937365889549
     656.4629753168778734       0.9681755378842354
     656.4631754503002412       1.0119310971349478
     656.4633755837224953       1.0108196130022407
     656.4635757171447494       1.0305737350136042
     656.4637758505670035       1.0261892322450876
     656.4639759839893713       0.9629512168467045
     656.4641761174116255       0.9913245989009738
     656.4643762508338796       1.0139695499092340
     656.4645763842561337       0.9443341717123985
     656.4647765176785015       0.9843590818345547
     656.4649766511007556       0.9482367374002934
     656.4651767845230097       1.0452266260981560
     656.4653769179452638       1.0610813982784748
     656.4655770513676316       1.0044060410000384
     656.4657771847898857       0.9262695908546448
     656.4659773182121398       0.9155974239110947
     656.4661774516343939       1.0240608118474483
     656.4663775850567617       1.0439335443079472
     656.4665777184790159       0.9681436978280544
     656.4667778519012700       1.0381418317556381
     656.4669779853235241       0.9611956924200058
     656.4671781187458919       0.9763370826840401
     656.4673782521681460       1.0269139055162668
     656.4675783855904001       0.9726051986217499
     656.4677785190126542       1.0244661271572113
     656.4679786524349083       0.9970418682787567
     656.4681787858572761       0.9814952723681927
     656.4683789192795302       0.9418346211314201
     656.4685790527017843       0.9793172068893909
     656.4687791861240385       1.0260554589331150
     656.4689793195464063       0.9018712118268013
     656.4691794529686604       1.0565817467868328
     656.4693795863909145       0.9826039690524340
     656.4695797198131686       1.0380359403789043
     656.4697798532355364       1.0116183040663600
     656.4699799866577905       0.9657506421208382
     656.4701801200800446       1.0483228191733360
     656.4703802535022987       0.9748549722135067
     656.4705803869246665       1.0178040359169245
     656.4707805203469206       0.9186200872063637
     656.4709806537691748       0.9862151080742478
     656.4711807871914289       0.9537448883056641
     656.4713809206137967       1.0677526444196701
     656.4715810540360508       0.9014313742518425
     656.4717811874583049       0.9614773541688919
     656.4719813208805590       0.9634084142744541
     656.4721814543029268       0.9971770246047527
     656.4723815877251809       0.9829550385475159
     656.4725817211474350       1.0213297065347433
     656.4727818545696891       1.0596130192279816
     656.4729819879919432       1.1008777543902397
     656.4731821214143110       0.9556779712438583
     656.4733822548365652       0.9794605188071728
     656.4735823882588193       1.0626005455851555
     656.4737825216810734       0.9598801322281361
     656.4739826551034412       1.0159806106239557
     656.4741827885256953       0.8700179010629654
     656.4743829219479494       0.9704817943274975
     656.4745830553702035       0.9754025787115097
     656.4747831887925713       0.9906172007322311
     656.4749833222148254       1.0465689375996590
     656.4751834556370795       0.9488892555236816
     656.4753835890593336       1.0259391106665134
     656.4755837224817014       1.0141102215275168
     656.4757838559039556       1.0414776988327503
     656.4759839893262097       1.0329560525715351
     656.4761841227484638       0.9627528525888920
     656.4763842561708316       1.0023836039472371
     656.4765843895930857       0.9688283558934927
     656.4767845230153398       1.1220378652215004
     656.4769846564375939       0.9958072225563228
     656.4771847898599617       0.9924155413173139
     656.4773849232822158       0.9540979750454426
     656.4775850567044699       1.0069040739908814
     656.4777851901267240       0.9576101899147034
     656.4779853235490918       1.0260788444429636
     656.4781854569713460       1.0319224260747433
     656.4783855903936001       0.9532591328024864
     656.4785857238158542       1.0242251437157393
     656.4787858572381083       0.9335114136338234
     656.4789859906604761       1.0080788293853402
     656.4791861240827302       1.0072204493917525
     656.4793862575049843       1.0432989783585072
     656.4795863909272384       1.0084347100928426
     656.4797865243496062       1.0186013821512461
     656.4799866577718603       1.0203381683677435
     656.4801867911941144       1.0365657210350037
     656.4803869246163686       1.0396638847887516
     656.4805870580387364       1.0307966973632574
     656.4807871914609905       0.9846332455053926
     656.4809873248832446       0.9823066461831331
     656.4811874583054987       1.0959749147295952
     656.4813875917278665       0.9718035180121660
     656.4815877251501206       0.9579604268074036
     656.4817878585723747       1.0028850024100393
     656.4819879919946288       1.0974517986178398
     656.4821881254169966       0.9386341981589794
     656.4823882588392507       0.9952771319076419
     656.4825883922615049       1.0104481540620327
     656.4827885256837590       1.0261293184012175
     656.4829886591061268       0.9819786567240953
     656.4831887925283809       1.0805404484272003
     656.4833889259506350       0.9197248145937920
     656.4835890593728891       0.9919485095888376
     656.4837891927951432       0.9412845000624657
     656.4839893262175110       0.9061795845627785
     656.4841894596397651       0.9714179337024689
     656.4843895930620192       1.0279596839100122
     656.4845897264842733       1.0060253171250224
     656.4847898599066411       0.9447131864726543
     656.4849899933288953       1.0458479374647141
     656.4851901267511494       1.0486560426652431
     656.4853902601734035       0.9320458620786667
     656.4855903935957713       1.0064354026690125
     656.4857905270180254       1.1217909678816795
     656.4859906604402795       1.0159745365381241
     656.4861907938625336       1.0293848160654306
     656.4863909272849014       0.8993643373250961
     656.4865910607071555       1.0538258031010628
     656.4867911941294096       0.9646708332002163
     656.4869913275516637       0.9793637488037348
     656.4871914609740315       1.0264944229274988
     656.4873915943962857       0.9726992007344961
     656.4875917278185398       0.9455549828708172
     656.4877918612407939       1.0549336671829224
     656.4879919946631617       1.0588643923401833
     656.4881921280854158       1.0046439683064818
     656.4883922615076699       1.0074923015199602
     656.4885923949299240       0.9661268442869186
     656.4887925283522918       1.0249043311923742
     656.4889926617745459       0.9489802829921246
     656.4891927951968000       0.9919301522895694
     656.4893929286190541       0.9975588945671916
     656.4895930620413083       0.9681228138506413
     656.4897931954636761       0.9295181259512901
     656.4899933288859302       1.0537351183593273
     656.4901934623081843       1.0211924593895674
     656.4903935957304384       0.9546451829373837
     656.4905937291528062       0.9482616223394871
     656.4907938625750603       1.0125890960916877
     656.4909939959973144       1.0056034843437374
     656.4911941294195685       1.0322205759584904
     656.4913942628419363       1.0052014505490661
     656.4915943962641904       0.9979542384389788
     656.4917945296864445       1.0562013275921345
     656.4919946631086987       0.9621922485530376
     656.4921947965310665       0.9796656668186188
     656.4923949299533206       1.1416935473680496
     656.4925950633755747       0.9478084929287434
     656.4927951967978288       0.9789445418864489
     656.4929953302201966       0.9071331694722176
     656.4931954636424507       1.0162022914737463
     656.4933955970647048       1.0169788673520088
     656.4935957304869589       1.0081421276554465
     656.4937958639093267       0.9859923468902707
     656.4939959973315808       1.0259153936058283
     656.4941961307538350       0.9405659139156342
     656.4943962641760891       0.9399578981101513
     656.4945963975983432       1.0284894146025181
     656.4947965310207110       1.0347063057124615
     656.4949966644429651       0.9159802198410034
     656.4951967978652192       0.9314364939928055
     656.4953969312874733       0.8958561643958092
     656.4955970647098411       1.0368034876883030
     656.4957971981320952       0.9785832036286592
     656.4959973315543493       0.9564943797886372
     656.4961974649766034       1.0206378977745771
     656.4963975983989712       1.0636911541223526
     656.4965977318212254       1.0312038809061050
     656.4967978652434795       1.0621096789836884
     656.4969979986657336       0.9990291969734244
     656.4971981320881014       1.0321665219962597
     656.4973982655103555       0.9817765206098557
     656.4975983989326096       0.9912595655769110
     656.4977985323548637       1.0196023266762495
     656.4979986657772315       0.9877740554511547
     656.4981987991994856       1.0176915284246206
     656.4983989326217397       1.0312556140124798
     656.4985990660439938       0.9467919580638409
     656.4987991994663616       1.0318472795188427
     656.4989993328886158       0.9358087927103043
     656.4991994663108699       0.9844151465222239
     656.4993995997331240       0.9774156305938959
     656.4995997331554918       1.0160974767059088
     656.4997998665777459       0.9156648665666580
     656.5000000000000000       0.9735130071640015
