     656.2000000000000455       0.9775178860872984
     656.2002001334222996       0.9717540498822927
     656.2004002668445537       0.9713935647159815
     656.2006004002669215       1.0185503587126732
     656.2008005336891756       1.0379261523485184
     656.2010006671114297       1.0915649384260178
     656.2012008005336838       0.9535272009670734
     656.2014009339560516       1.0607308819890022
     656.2016010673783057       1.0180130247026682
     656.2018012008005599       1.0440744422376156
     656.2020013342228140       1.1325092315673828
     656.2022014676451818       0.9921717802062631
     656.2024016010674359       1.0809585526585579
     656.2026017344896900       0.9922588942572474
     656.2028018679119441       1.0773420333862305
     656.2030020013343119       1.0413050204515457
     656.2032021347565660       0.9079719558358192
     656.2034022681788201       1.0484014116227627
     656.2036024016010742       1.0135952262207866
     656.2038025350234420       1.0328673124313354
     656.2040026684456961       0.9919760385528207
     656.2042028018679503       1.0532119758427143
     656.2044029352902044       0.9702560920268297
     656.2046030687125722       0.9898696383461356
     656.2048032021348263       1.0786746591329575
     656.2050033355570804       1.0097486926242709
     656.2052034689793345       0.8980029001832008
     656.2054036024017023       1.0740166082978249
     656.2056037358239564       0.9802461657673120
     656.2058038692462105       1.0356562025845051
     656.2060040026684646       0.9353559091687202
     656.2062041360907187       1.0406518839299679
     656.2064042695130865       1.0422795265913010
     656.2066044029353407       0.9535815604031086
     656.2068045363575948       0.9705180842429399
     656.2070046697798489       0.9953393265604973
     656.2072048032022167       0.9938974264077842
     656.2074049366244708       1.0293666701763868
     656.2076050700467249       1.0120565677061677
     656.2078052034689790       1.0208717118948698
     656.2080053368913468       0.9458071812987328
     656.2082054703136009       1.0112874275073409
     656.2084056037358550       0.9289774596691132
     656.2086057371581092       0.9702276196330786
     656.2088058705804769       0.9552042186260223
     656.2090060040027311       0.9713901150971651
     656.2092061374249852       0.9023169353604317
     656.2094062708472393       0.9989545696880668
     656.2096064042696071       1.0039661242626607
     656.2098065376918612       1.0044202199205756
     656.2100066711141153       0.9619274288415909
     656.2102068045363694       1.0101288463920355
     656.2104069379587372       0.9086176082491875
     656.2106070713809913       1.0341965705156326
     656.2108072048032454       0.9568704850971699
     656.2110073382254996       0.9481069557368755
     656.2112074716477537       1.0644879788160324
     656.2114076050701215       1.0844807475805283
     656.2116077384923756       1.0250502880662680
     656.2118078719146297       0.9770071264356375
     656.2120080053368838       1.0709870159626007
     656.2122081387592516       1.0098763098940253
     656.2124082721815057       1.1207834109663963
     656.2126084056037598       0.9802135992795229
     656.2128085390260139       0.9023834541440010
     656.2130086724483817       0.9325119033455849
     656.2132088058706358       1.0480942949652672
     656.2134089392928900       1.0148288030177355
     656.2136090727151441       0.9897044375538826
     656.2138092061375119       0.9617639817297459
     656.2140093395597660       1.0055230935104191
     656.2142094729820201       1.0209439508616924
     656.2144096064042742       1.0627379715442657
     656.2146097398266420       0.9859186084941030
     656.2148098732488961       1.0559042654931545
     656.2150100066711502       1.0649947896599770
     656.2152101400934043       1.0224771834909916
     656.2154102735157721       1.1070988327264786
     656.2156104069380262       0.9479454085230827
     656.2158105403602804       1.0000419541247538
     656.2160106737825345       1.1354491859674454
     656.2162108072049023       0.9179799035191536
     656.2164109406271564       1.0630236193537712
     656.2166110740494105       1.0840018317103386
     656.2168112074716646       0.9165599793195724
     656.2170113408939187       0.9708767980337143
     656.2172114743162865       1.0500763542950153
     656.2174116077385406       1.0173890739679337
     656.2176117411607947       0.9245874732732773
     656.2178118745830488       1.0332107506692410
     656.2180120080054166       0.9058165326714516
     656.2182121414276708       0.9433911070227623
     656.2184122748499249       1.0278508197516203
     656.2186124082721790       0.9549958296120167
     656.2188125416945468       0.9861755454912782
     656.2190126751168009       0.9681857377290726
     656.2192128085390550       1.0348486267030239
     656.2194129419613091       1.0549631305038929
     656.2196130753836769       0.9675081446766853
     656.2198132088059310       1.0177182815968990
     656.2200133422281851       0.9855591254308820
     656.2202134756504392       1.0050850282423198
     656.2204136090728070       1.0016367634525523
     656.2206137424950612       1.0130869252607226
     656.2208138759173153       0.9899768624454737
     656.2210140093395694       1.0579372420907021
     656.2212141427619372       1.0247187074273825
     656.2214142761841913       1.0264392476528883
     656.2216144096064454       1.0060674357227981
     656.2218145430286995       1.0471712127327919
     656.2220146764509536       1.0379849337041378
     656.2222148098733214       0.9251696392893791
     656.2224149432955755       1.0911418423056602
     656.2226150767178297       1.0459957532584667
     656.2228152101400838       1.0200121756643057
     656.2230153435624516       0.9840192403644323
     656.2232154769847057       0.9953617793507874
     656.2234156104069598       0.9908017907291651
     656.2236157438292139       1.0268207397311926
     656.2238158772515817       0.9828644599765539
     656.2240160106738358       0.9095903113484383
     656.2242161440960899       0.8918089270591736
     656.2244162775183440       0.9738763719797134
     656.2246164109407118       0.9884467292577028
     656.2248165443629659       1.0071326321922243
     656.2250166777852201       1.0611480176448822
     656.2252168112074742       1.0546035431325436
     656.2254169446298420       1.0009894248796627
     656.2256170780520961       1.0545637011528015
     656.2258172114743502       0.9491799585521221
     656.2260173448966043       0.9798806440085173
     656.2262174783189721       0.9821029473096132
     656.2264176117412262       1.0685580596327782
     656.2266177451634803       0.9624978043138981
     656.2268178785857344       1.0915733650326729
     656.2270180120081022       0.9413083977997303
     656.2272181454303563       1.0164493657648563
     656.2274182788526105       0.9748095422983170
     656.2276184122748646       1.0459145009517670
     656.2278185456971187       0.9109583869576454
     656.2280186791194865       1.0167852547019720
     656.2282188125417406       1.0785237774252892
     656.2284189459639947       0.9688108731061220
     656.2286190793862488       1.1329656541347504
     656.2288192128086166       1.0303386598825455
     656.2290193462308707       1.0070785232819617
     656.2292194796531248       1.0393507294356823
     656.2294196130753789       1.0194446016103029
     656.2296197464977467       1.0040764575824142
     656.2298198799200009       1.0371707938611507
     656.2300200133422550       1.0560648515820503
     656.2302201467645091       1.0437611602246761
     656.2304202801868769       0.9903130102902651
     656.2306204136091310       0.9845793973654509
     656.2308205470313851       0.9552112370729446
     656.2310206804536392       0.9482269287109375
     656.2312208138760070       1.0529635325074196
     656.2314209472982611       0.9911238159984350
     656.2316210807205152       1.0234806519001722
     656.2318212141427693       1.0515572503209114
     656.2320213475651371       1.0048087812028825
     656.2322214809873913       1.0215786173939705
     656.2324216144096454       1.0005222514737397
     656.2326217478318995       0.9375104792416096
     656.2328218812541536       0.9868337241932750
     656.2330220146765214       0.9316059872508049
     656.2332221480987755       1.0103571321815252
     656.2334222815210296       1.0581372864544392
     656.2336224149432837       0.9845421845093369
     656.2338225483656515       0.9786933492869139
     656.2340226817879056       1.0540936589241028
     656.2342228152101598       1.0289715770632029
     656.2344229486324139       1.0856405124068260
     656.2346230820547817       1.0632178187370300
     656.2348232154770358       0.9994295230135322
     656.2350233488992899       0.9677002914249897
     656.2352234823215440       1.0720928236842155
     656.2354236157439118       1.0376381389796734
     656.2356237491661659       1.0506794638931751
     656.2358238825884200       1.0325219593942165
     656.2360240160106741       1.0269442852586508
     656.2362241494330419       1.0810467898845673
     656.2364242828552960       1.0616253130137920
     656.2366244162775502       0.9488337263464928
     656.2368245496998043       0.9987750152358785
     656.2370246831221721       0.9977209831122309
     656.2372248165444262       0.9332688972353935
     656.2374249499666803       1.0264034308493137
     656.2376250833889344       1.0414394587278366
     656.2378252168113022       1.0338728614151478
     656.2380253502335563       1.0163341406732798
     656.2382254836558104       1.0224235486239195
     656.2384256170780645       0.9939637063071132
     656.2386257505003186       0.9883811632171273
     656.2388258839226864       0.9822881724685431
     656.2390260173449406       0.9328279569745064
     656.2392261507671947       0.9545741267502308
     656.2394262841894488       0.9757909867912531
     656.2396264176118166       0.9403996095061302
     656.2398265510340707       1.0660262629389763
     656.2400266844563248       0.9144778698682785
     656.2402268178785789       0.8896404504776001
     656.2404269513009467       0.9515397548675537
     656.2406270847232008       1.0545421615242958
     656.2408272181454549       0.8861947432160378
     656.2410273515677090       1.0181416627019644
     656.2412274849900768       0.9534218832850456
     656.2414276184123310       0.9731129650026560
     656.2416277518345851       0.8856313675642014
     656.2418278852568392       1.0142326131463051
     656.2420280186792070       0.9354957938194275
     656.2422281521014611       0.9736647922545671
     656.2424282855237152       0.9944493630900979
     656.2426284189459693       1.1036289110779762
     656.2428285523683371       1.0895490720868111
     656.2430286857905912       0.9877496669068933
     656.2432288192128453       0.9428009986877441
     656.2434289526350994       1.0196236781775951
     656.2436290860574672       1.0055588781833649
     656.2438292194797214       0.9752432834357023
     656.2440293529019755       1.0373760759830475
     656.2442294863242296       0.9679676815867424
     656.2444296197464837       1.1474520564079285
     656.2446297531688515       0.8898399099707603
     656.2448298865911056       0.9831486716866493
     656.2450300200133597       0.9945759973488748
     656.2452301534356138       0.9597784429788589
     656.2454302868579816       0.9859152985736728
     656.2456304202802357       1.0347043350338936
     656.2458305537024899       0.9175379127264023
     656.2460306871247440       0.9435267150402069
     656.2462308205471118       1.0584217198193073
     656.2464309539693659       1.0294079314917326
     656.2466310873916200       1.1154565140604973
     656.2468312208138741       0.9936252636834979
     656.2470313542362419       1.0571926124393940
     656.2472314876584960       1.0149235250428319
     656.2474316210807501       1.0783811733126640
     656.2476317545030042       1.0378821268677711
     656.2478318879253720       0.9981255544116721
     656.2480320213476261       1.0661583542823792
     656.2482321547698803       0.9842472970485687
     656.2484322881921344       1.0549570694565773
     656.2486324216145022       1.0219776704907417
     656.2488325550367563       1.0109996236860752
     656.2490326884590104       1.0022866094950587
     656.2492328218812645       0.9391262531280518
     656.2494329553035186       0.9284503683447838
     656.2496330887258864       0.9290371686220169
     656.2498332221481405       1.0298899412155151
     656.2500333555703946       1.0111258206889033
     656.2502334889926487       0.9923207610845566
     656.2504336224150165       1.0425513312220573
     656.2506337558372707       0.9314705207943916
     656.2508338892595248       0.9795930199325085
     656.2510340226817789       1.0241663549095392
     656.2512341561041467       1.0710717961192131
     656.2514342895264008       1.0371032692492008
     656.2516344229486549       1.0222296994179487
     656.2518345563709090       1.0320054702460766
     656.2520346897932768       1.0156671199947596
     656.2522348232155309       1.0224476736038923
     656.2524349566377850       1.0147964907810092
     656.2526350900600391       0.9908031988888979
     656.2528352234824069       1.0023773871362209
     656.2530353569046611       1.0341695919632912
     656.2532354903269152       1.0233509149402380
     656.2534356237491693       0.9572224803268909
     656.2536357571715371       0.9573785737156868
     656.2538358905937912       1.0327282920479774
     656.2540360240160453       1.0193861257284880
     656.2542361574382994       0.9534116573631763
     656.2544362908606672       1.0257839001715183
     656.2546364242829213       0.9976323547307402
     656.2548365577051754       0.9821712691336870
     656.2550366911274295       1.0318609066307545
     656.2552368245496837       0.9958947235718369
     656.2554369579720515       0.8738652467727661
     656.2556370913943056       1.0120936697348952
     656.2558372248165597       1.0111262388527393
     656.2560373582388138       1.0380220040678978
     656.2562374916611816       0.9940713415853679
     656.2564376250834357       1.0190108250826597
     656.2566377585056898       1.0010329710785300
     656.2568378919279439       1.0986793339252472
     656.2570380253503117       1.0282582547515631
     656.2572381587725658       0.9899567598477006
     656.2574382921948200       0.8883811831474304
     656.2576384256170741       1.0895714983344078
     656.2578385590394419       0.9680609367787838
     656.2580386924616960       1.0122365234419703
     656.2582388258839501       0.9227079525589943
     656.2584389593062042       0.9834411628544331
     656.2586390927285720       1.0462324209511280
     656.2588392261508261       1.0349578000605106
     656.2590393595730802       1.0267304573208094
     656.2592394929953343       1.0074665145948529
     656.2594396264177021       1.0068291663192213
     656.2596397598399562       0.9956791135482490
     656.2598398932622104       0.9896556334570050
     656.2600400266844645       1.0017595969839022
     656.2602401601067186       1.0656523779034615
     656.2604402935290864       1.1008477732539177
     656.2606404269513405       0.9035063087940216
     656.2608405603735946       0.9752932433038950
     656.2610406937958487       1.0681424066424370
     656.2612408272182165       1.0772544965147972
     656.2614409606404706       0.9674697741866112
     656.2616410940627247       1.0923374071717262
     656.2618412274849788       1.0091712819412351
     656.2620413609073466       1.0395903475582600
     656.2622414943296008       0.9785885252058506
     656.2624416277518549       0.9526399858295918
     656.2626417611741090       0.9403122663497925
     656.2628418945964768       1.0658053457736969
     656.2630420280187309       1.0288511402904987
     656.2632421614409850       0.8308459222316742
     656.2634422948632391       1.0100285215303302
     656.2636424282856069       1.0293961744755507
     656.2638425617078610       0.9925685417838395
     656.2640426951301151       1.0304944273084402
     656.2642428285523692       0.9886485924944282
     656.2644429619747370       0.9157474786043167
     656.2646430953969912       0.9651154652237892
     656.2648432288192453       1.0287110861390829
     656.2650433622414994       1.0417011156678200
     656.2652434956638672       1.0360285788774490
     656.2654436290861213       0.9957106583751738
     656.2656437625083754       1.0577237084507942
     656.2658438959306295       1.1160157546401024
     656.2660440293528836       0.9722872674465179
     656.2662441627752514       1.0347925499081612
     656.2664442961975055       1.0591029636561871
     656.2666444296197596       0.9977591484785080
     656.2668445630420138       1.0043915379792452
     656.2670446964643816       1.0669295862317085
     656.2672448298866357       1.0653381273150444
     656.2674449633088898       0.9874932616949081
     656.2676450967311439       0.9090742990374565
     656.2678452301535117       1.0618638768792152
     656.2680453635757658       1.0394908115267754
     656.2682454969980199       0.9425114616751671
     656.2684456304202740       0.9331863299012184
     656.2686457638426418       1.0175719894468784
     656.2688458972648959       0.9598233886063099
     656.2690460306871501       0.9998820897671976
     656.2692461641094042       0.9610721766948700
     656.2694462975317720       0.9533224739134312
     656.2696464309540261       1.0054455604404211
     656.2698465643762802       1.0278358161449432
     656.2700466977985343       0.9921718966215849
     656.2702468312209021       1.0191799420863390
     656.2704469646431562       1.0465275757014751
     656.2706470980654103       0.9024071767926216
     656.2708472314876644       0.9109040349721909
     656.2710473649099185       0.9880359070375562
     656.2712474983322863       0.9925654842518270
     656.2714476317545405       1.0096773076802492
     656.2716477651767946       0.9702118746936321
     656.2718478985990487       1.0281544271856546
     656.2720480320214165       0.9835756160318851
     656.2722481654436706       0.9508547522127628
     656.2724482988659247       1.0109040457755327
     656.2726484322881788       1.0213080029934645
     656.2728485657105466       0.9787635058164597
     656.2730486991328007       1.0127271711826324
     656.2732488325550548       1.0489965640008450
     656.2734489659773089       0.9893930135294795
     656.2736490993996767       0.9641638509929180
     656.2738492328219309       0.9518420360982418
     656.2740493662441850       1.0473427399992943
     656.2742494996664391       0.9418415464460850
     656.2744496330888069       0.9521532393991947
     656.2746497665110610       1.0207074265927076
     656.2748498999333151       1.0048649548552930
     656.2750500333555692       1.0272911582142115
     656.2752501667779370       1.0908508673310280
     656.2754503002001911       0.9820231478661299
     656.2756504336224452       1.0242286510765553
     656.2758505670446993       1.1703816950321198
     656.2760507004670671       0.9086372628808022
     656.2762508338893213       0.9925082526169717
     656.2764509673115754       0.9759863372892141
     656.2766511007338295       0.9813678022474051
     656.2768512341560836       1.0239144191145897
     656.2770513675784514       1.1027339324355125
     656.2772515010007055       0.9808247108012438
     656.2774516344229596       0.8864305019378662
     656.2776517678452137       0.9900450687855482
     656.2778519012675815       1.0572302713990211
     656.2780520346898356       0.9840465709567070
     656.2782521681120897       1.0699273571372032
     656.2784523015343439       0.9696319513022900
     656.2786524349567117       0.9955794746056199
     656.2788525683789658       0.9691771678626537
     656.2790527018012199       1.0149052990600467
     656.2792528352234740       0.9706772658973932
     656.2794529686458418       0.9961831190157682
     656.2796531020680959       1.0293451827019453
     656.2798532354903500       1.0522327423095703
     656.2800533689126041       1.0373270809650421
     656.2802535023349719       1.1318871974945068
     656.2804536357572260       1.0754992663860321
     656.2806537691794802       0.9381713494658470
     656.2808539026017343       1.0041872207075357
     656.2810540360241021       0.9354543313384056
     656.2812541694463562       1.0030469240155071
     656.2814543028686103       0.9252079948782921
     656.2816544362908644       0.9590235538780689
     656.2818545697131185       0.9586971998214722
     656.2820547031354863       0.9818392377346754
     656.2822548365577404       1.0640428960323334
     656.2824549699799945       0.9922438338398933
     656.2826551034022486       0.9527405537664890
     656.2828552368246164       0.9832537360489368
     656.2830553702468706       0.9836502335965633
     656.2832555036691247       0.9771114252507687
     656.2834556370913788       1.0426885373890400
     656.2836557705137466       0.9460064359009266
     656.2838559039360007       1.0653775259852409
     656.2840560373582548       1.0099660893902183
     656.2842561707805089       0.9997681103559444
     656.2844563042028767       0.9083035066723824
     656.2846564376251308       1.0415952838957310
     656.2848565710473849       0.9449043162167072
     656.2850567044696390       1.0052487561479211
     656.2852568378920068       1.0218681115657091
     656.2854569713142610       0.9603858552873135
     656.2856571047365151       0.9732963554561138
     656.2858572381587692       1.0289407521486282
     656.2860573715811370       1.0581757239997387
     656.2862575050033911       1.0600875914096832
     656.2864576384256452       1.0611536689102650
     656.2866577718478993       1.0518746674060822
     656.2868579052702671       0.9805234018713236
     656.2870580386925212       1.0538817346096039
     656.2872581721147753       0.9860563753172755
     656.2874583055370294       1.0287005603313446
     656.2876584389592836       1.0420448556542397
     656.2878585723816514       1.0637575611472130
     656.2880587058039055       1.0086279567331076
     656.2882588392261596       0.9624964185059071
     656.2884589726484137       1.0972434803843498
     656.2886591060707815       1.0651537105441093
     656.2888592394930356       0.9218889251351357
     656.2890593729152897       0.9579693339765072
     656.2892595063375438       0.9939138996414840
     656.2894596397599116       0.9782811589539051
     656.2896597731821657       1.0155960563570261
     656.2898599066044198       0.9812838640064001
     656.2900600400266740       0.9516326375305653
     656.2902601734490418       1.0680597051978111
     656.2904603068712959       1.0236251428723335
     656.2906604402935500       0.9385648779571056
     656.2908605737158041       1.0449834018945694
     656.2910607071381719       0.9914955412968993
     656.2912608405604260       1.0439344793558121
     656.2914609739826801       1.0114688333123922
     656.2916611074049342       0.9585698470473289
     656.2918612408273020       0.9532375112175941
     656.2920613742495561       0.9483803510665894
     656.2922615076718103       0.9436006061732769
     656.2924616410940644       0.9683627821505070
     656.2926617745164322       0.9493655897676945
     656.2928619079386863       0.9912615288048983
     656.2930620413609404       1.0417187623679638
     656.2932621747831945       1.0433718897402287
     656.2934623082054486       1.0131893577054143
     656.2936624416278164       0.9787814039736986
     656.2938625750500705       0.9647217765450478
     656.2940627084723246       0.8948169797658920
     656.2942628418945787       1.0121644418686628
     656.2944629753169465       1.1245924457907677
     656.2946631087392007       1.0254014413803816
     656.2948632421614548       1.0186901986598969
     656.2950633755837089       1.0289207827299833
     656.2952635090060767       1.0832645893096924
     656.2954636424283308       1.0045107952319086
     656.2956637758505849       0.9489097222685814
     656.2958639092728390       1.0427092574536800
     656.2960640426952068       0.9617613740265369
     656.2962641761174609       0.9963128429371864
     656.2964643095397150       1.0677401944994926
     656.2966644429619691       1.0289212409406900
     656.2968645763843369       1.0276503060013056
     656.2970647098065911       1.0718743205070496
     656.2972648432288452       1.0687788724899292
     656.2974649766510993       0.9471025951206684
     656.2976651100734671       0.9882325641810894
     656.2978652434957212       0.8862592056393623
     656.2980653769179753       1.0868427380919456
     656.2982655103402294       1.0250873919576406
     656.2984656437624835       0.9529187530279160
     656.2986657771848513       0.9808357879519463
     656.2988659106071054       0.9533671922981739
     656.2990660440293595       0.9863620484247804
     656.2992661774516137       1.0865647122263908
     656.2994663108739815       0.9936487679369748
     656.2996664442962356       1.0348710156977177
     656.2998665777184897       1.0925785899162292
     656.3000667111407438       1.0213260073214769
     656.3002668445631116       1.0385096631944180
     656.3004669779853657       0.8839972093701363
     656.3006671114076198       1.0235552210360765
     656.3008672448298739       0.9342942386865616
     656.3010673782522417       1.0531008914113045
     656.3012675116744958       1.0007153539336286
     656.3014676450967499       1.0024113345425576
     656.3016677785190041       1.0063643106259406
     656.3018679119413719       0.9973266269080341
     656.3020680453636260       0.9431808106601238
     656.3022681787858801       0.9234217107295990
     656.3024683122081342       0.9222431257367134
     656.3026684456305020       1.0171471517533064
     656.3028685790527561       0.9933676123619080
     656.3030687124750102       0.9623330570757389
     656.3032688458972643       0.9945505983196199
     656.3034689793196321       1.0622983574867249
     656.3036691127418862       0.9177477657794952
     656.3038692461641403       0.9799974132329226
     656.3040693795863945       0.9721384514123201
     656.3042695130086486       1.0359144024550915
     656.3044696464310164       1.0073752179741859
     656.3046697798532705       1.0759986266493797
     656.3048699132755246       0.8942390084266661
     656.3050700466977787       1.0355996228754518
     656.3052701801201465       1.0313970707356925
     656.3054703135424006       0.9757703561335797
     656.3056704469646547       1.0302431043237439
     656.3058705803869088       1.0130584361031640
     656.3060707138092766       1.0226177889853698
     656.3062708472315308       0.9924840894527708
     656.3064709806537849       1.0414632335305176
     656.3066711140760390       1.0133183700963797
     656.3068712474984068       0.9555918164551175
     656.3070713809206609       1.0195722933858509
     656.3072715143429150       1.1347397416829881
     656.3074716477651691       0.9954477706923812
     656.3076717811875369       1.0641209781169496
     656.3078719146097910       0.9254243746399302
     656.3080720480320451       1.0678324550389400
     656.3082721814542992       0.9914941117166244
     656.3084723148766670       1.1070617958901527
     656.3086724482989212       1.0612380169329438
     656.3088725817211753       1.0498221963640284
     656.3090727151434294       1.0106063559645972
     656.3092728485656835       1.0131424618877145
     656.3094729819880513       1.0402040779579447
     656.3096731154103054       0.9946843595228012
     656.3098732488325595       0.9584328643954821
     656.3100733822548136       1.0307785663721236
     656.3102735156771814       0.9380020424677424
     656.3104736490994355       0.9977910637324376
     656.3106737825216896       0.9868499645870706
     656.3108739159439438       1.0293451901394643
     656.3110740493663116       1.0848227441127118
     656.3112741827885657       0.9812453519295049
     656.3114743162108198       0.9315008520718986
     656.3116744496330739       1.0539952702316158
     656.3118745830554417       1.0183937269492063
     656.3120747164776958       1.0537838897623453
     656.3122748498999499       0.9858974813062709
     656.3124749833222040       0.9896049562834802
     656.3126751167445718       1.0439204310282870
     656.3128752501668259       1.0558711361318913
     656.3130753835890800       0.9870175295299851
     656.3132755170113342       1.0731913440719683
     656.3134756504337020       1.0379056213643465
     656.3136757838559561       0.9645090537800181
     656.3138759172782102       0.9675382731422758
     656.3140760507004643       1.0005459781872896
     656.3142761841228321       1.1030451401055918
     656.3144763175450862       0.8609330761608344
     656.3146764509673403       0.9652678202838135
     656.3148765843895944       1.1166772171394936
     656.3150767178118485       0.9993870829726762
     656.3152768512342163       0.9188299641207551
     656.3154769846564704       0.9879051724948327
     656.3156771180787246       1.0253047762155669
     656.3158772515009787       0.9698957747850248
     656.3160773849233465       0.9082365813412470
     656.3162775183456006       1.0027046541693907
     656.3164776517678547       1.0237026538815197
     656.3166777851901088       1.0418053146022297
     656.3168779186124766       1.0658770310959598
     656.3170780520347307       1.0233408707256291
     656.3172781854569848       0.9539166306281327
     656.3174783188792389       1.0020539517976896
     656.3176784523016067       0.9618057323266580
     656.3178785857238609       1.0267799801649744
     656.3180787191461150       1.0401029339085250
     656.3182788525683691       0.9851005172850750
     656.3184789859907369       0.9111735823043899
     656.3186791194129910       0.9973198344295815
     656.3188792528352451       0.9540275472096326
     656.3190793862574992       0.9613363701283827
     656.3192795196798670       1.0008816123702866
     656.3194796531021211       1.0387036854476330
     656.3196797865243752       1.0203496673025656
     656.3198799199466293       0.9668846622925543
     656.3200800533688835       1.0642541639312462
     656.3202801867912513       0.9622862691884873
     656.3204803202135054       1.0577743721472599
     656.3206804536357595       1.0511587219946443
     656.3208805870580136       0.9948734319473578
     656.3210807204803814       1.0149333856758698
     656.3212808539026355       1.0231145500730672
     656.3214809873248896       1.0715672407022923
     656.3216811207471437       0.9980402733925039
     656.3218812541695115       0.9908335705209331
     656.3220813875917656       1.0158620298756991
     656.3222815210140197       1.0543765479377338
     656.3224816544362739       0.9617749122729288
     656.3226817878586417       1.0188592053766683
     656.3228819212808958       0.9489598310670303
     656.3230820547031499       0.9958467006865573
     656.3232821881254040       1.0143101882290120
     656.3234823215477718       1.0252014560578184
     656.3236824549700259       1.0665271315131926
     656.3238825883922800       0.9587841907797823
     656.3240827218145341       1.0543253956458580
     656.3242828552369019       0.9475175472288061
     656.3244829886591560       1.0328944647810085
     656.3246831220814101       1.0536571645321722
     656.3248832555036643       0.9520115341656009
     656.3250833889260321       1.0606943964608635
     656.3252835223482862       0.9887060478074324
     656.3254836557705403       1.0169209216318069
     656.3256837891927944       0.9545489313495243
     656.3258839226150485       0.9774199379089981
     656.3260840560374163       1.1020070391546899
     656.3262841894596704       1.0564414172597920
     656.3264843228819245       1.0229162317978939
     656.3266844563041786       1.0368911581680988
     656.3268845897265464       1.0001257661380121
     656.3270847231488005       1.0514706138301027
     656.3272848565710547       1.0793744331167547
     656.3274849899933088       1.0458094041604822
     656.3276851234156766       0.8757692618773441
     656.3278852568379307       1.0756544753965351
     656.3280853902601848       0.9948038691272686
     656.3282855236824389       0.9545072420758686
     656.3284856571048067       0.9436644420662537
     656.3286857905270608       0.8876651611096463
     656.3288859239493149       0.9556544378945737
     656.3290860573715690       1.0304191364356297
     656.3292861907939368       0.9914635868975991
     656.3294863242161910       0.9704269629846833
     656.3296864576384451       1.0457348257786645
     656.3298865910606992       1.0166756673429391
     656.3300867244830670       1.0031116059278125
     656.3302868579053211       1.0157605557509335
     656.3304869913275752       0.8532687413484582
     656.3306871247498293       0.9671884135511359
     656.3308872581721971       0.9248083455402411
     656.3310873915944512       0.8940530213866281
     656.3312875250167053       0.9213615712800954
     656.3314876584389594       0.9905939354321084
     656.3316877918612136       0.9869021535456630
     656.3318879252835814       0.9541368270367721
     656.3320880587058355       0.9480662126966333
     656.3322881921280896       0.9641952347033965
     656.3324883255503437       0.8617291780920537
     656.3326884589727115       0.9503108796598023
     656.3328885923949656       0.9550656069571155
     656.3330887258172197       0.9589518470429260
     656.3332888592394738       0.9936844783726754
     656.3334889926618416       0.9572587144551427
     656.3336891260840957       0.8647304697200600
     656.3338892595063498       0.8287271910918909
     656.3340893929286040       0.9509482167586234
     656.3342895263509718       0.9178177230568261
     656.3344896597732259       0.8471220372514700
     656.3346897931954800       0.8591656837679685
     656.3348899266177341       0.9237811003755458
     656.3350900600401019       0.8071526330199128
     656.3352901934623560       0.8536541076818820
     656.3354903268846101       0.8025959564549334
     656.3356904603068642       0.8130398224991110
     656.3358905937292320       0.8530946909793656
     656.3360907271514861       0.7935548351300672
     656.3362908605737402       0.8462149934178990
     656.3364909939959944       0.8433889444774803
     656.3366911274182485       0.8252241678279044
     656.3368912608406163       0.8312117902982898
     656.3370913942628704       0.7742961447563719
     656.3372915276851245       0.7663956431027934
     656.3374916611073786       0.8476796840664876
     656.3376917945297464       0.8105018943538274
     656.3378919279520005       0.8315571037436926
     656.3380920613742546       0.7406453690801844
     656.3382921947965087       0.8078454085000333
     656.3384923282188765       0.6989766435174642
     656.3386924616411306       0.8912443874915955
     656.3388925950633848       0.8931243707825192
     656.3390927284856389       0.7624024607650012
     656.3392928619080067       0.7576840103430627
     656.3394929953302608       0.8528016671478660
     656.3396931287525149       0.8988605565894829
     656.3398932621747690       0.7426130521200237
     656.3400933955971368       0.7843355006310393
     656.3402935290193909       0.7877520936023162
     656.3404936624416450       0.8016448996868114
     656.3406937958638991       0.8925468145369791
     656.3408939292862669       0.8658074392229844
     656.3410940627085211       0.8530839458845454
     656.3412941961307752       0.9485698952046819
     656.3414943295530293       0.7759021797871588
     656.3416944629753971       0.8805073592095634
     656.3418945963976512       0.8448802088494123
     656.3420947298199053       0.9064876635259267
     656.3422948632421594       0.8130333792063680
     656.3424949966644135       0.8862745565521244
     656.3426951300867813       0.9221593734357618
     656.3428952635090354       0.9313466494446606
     656.3430953969312895       0.9834372704102470
     656.3432955303535437       0.8433642669384708
     656.3434956637759115       0.9280917402870491
     656.3436957971981656       0.9160341163956414
     656.3438959306204197       0.9362876505840210
     656.3440960640426738       0.9722916958366521
     656.3442961974650416       0.9391017726031334
     656.3444963308872957       0.9828116574387132
     656.3446964643095498       1.0280526401163694
     656.3448965977318039       0.9637181221344143
     656.3450967311541717       0.9767623181002759
     656.3452968645764258       0.9359266536578034
     656.3454969979986799       0.9144258345188607
     656.3456971314209341       0.9543657867486126
     656.3458972648433019       1.0354466491993675
     656.3460973982655560       0.8870251994860926
     656.3462975316878101       0.9875018795896938
     656.3464976651100642       0.9595771434146050
     656.3466977985324320       0.9226386576001352
     656.3468979319546861       1.0104267547479391
     656.3470980653769402       1.0247556560623106
     656.3472981987991943       1.0614319271971866
     656.3474983322214484       1.0171639670921404
     656.3476984656438162       1.0096013690733421
     656.3478985990660703       0.9851767375600794
     656.3480987324883245       0.8692408686144596
     656.3482988659105786       0.8934778943680034
     656.3484989993329464       1.0704267468625794
     656.3486991327552005       0.9697904299418389
     656.3488992661774546       1.0460032805895858
     656.3490993995997087       0.9615274666963570
     656.3492995330220765       0.9829366354697140
     656.3494996664443306       0.9741993922203112
     656.3496997998665847       1.0476486647058108
     656.3498999332888388       1.0116184584846213
     656.3501000667112066       1.0469171828639618
     656.3503002001334607       0.9474923479221677
     656.3505003335557149       0.9456640033006646
     656.3507004669779690       0.9827336234504044
     656.3509006004003368       1.0206322785842352
     656.3511007338225909       1.0448456882003458
     656.3513008672448450       1.0256061644049987
     656.3515010006670991       1.0002602703874053
     656.3517011340894669       1.0516786672993232
     656.3519012675117210       1.0384207467096860
     656.3521014009339751       1.0009095222616733
     656.3523015343562292       0.9798876556449638
     656.3525016677785970       0.9419292119365145
     656.3527018012008512       1.0731692637738171
     656.3529019346231053       1.0657978259492347
     656.3531020680453594       1.0437181560005500
     656.3533022014676135       0.9973211337188322
     656.3535023348899813       0.9073575175616420
     656.3537024683122354       1.0365292378514921
     656.3539026017344895       0.9877458457114212
     656.3541027351567436       0.9567634381374492
     656.3543028685791114       0.9971408200606817
     656.3545030020013655       1.0026808903591113
     656.3547031354236196       1.1315121335387390
     656.3549032688458738       1.0222681273589134
     656.3551034022682416       1.0236434631345110
     656.3553035356904957       0.9965379701597465
     656.3555036691127498       1.0548825597393017
     656.3557038025350039       1.0596179711928431
     656.3559039359573717       0.9446059724974676
     656.3561040693796258       0.9198699750417065
     656.3563042028018799       0.9335013250021870
     656.3565043362241340       0.9545049078610877
     656.3567044696465018       1.0640445229068962
     656.3569046030687559       1.0587678985823707
     656.3571047364910100       1.0312957562039529
     656.3573048699132642       1.0349339947972491
     656.3575050033356320       1.0696007229481079
     656.3577051367578861       1.0106642634188554
     656.3579052701801402       0.9822639497458642
     656.3581054036023943       1.0129360757628949
     656.3583055370246484       0.9502773359209327
     656.3585056704470162       0.9343938139245035
     656.3587058038692703       1.0022271464041728
     656.3589059372915244       1.0408195516265957
     656.3591060707137785       0.8919130388634510
     656.3593062041361463       1.0971597922176202
     656.3595063375584004       1.0419829018880020
     656.3597064709806546       0.9535862502463540
     656.3599066044029087       0.9450329365589333
     656.3601067378252765       0.8948258679810744
     656.3603068712475306       1.0862416410924989
     656.3605070046697847       0.9383728153185282
     656.3607071380920388       1.0027600005033155
     656.3609072715144066       0.9251163752930452
     656.3611074049366607       0.9035561141617506
     656.3613075383589148       1.0035389089674507
     656.3615076717811689       0.9827577452593235
     656.3617078052035367       0.9138637040654789
     656.3619079386257908       1.1409728474970195
     656.3621080720480450       0.9596888905792634
     656.3623082054702991       1.0014554646739695
     656.3625083388926669       1.0022444496600253
     656.3627084723149210       1.0418799168614568
     656.3629086057371751       0.9686142529956034
     656.3631087391594292       1.0467847390965495
     656.3633088725817970       1.0194532976820967
     656.3635090060040511       0.9471806208744211
     656.3637091394263052       0.9630733091820594
     656.3639092728485593       0.9925688041778584
     656.3641094062708135       1.0496804302689262
     656.3643095396931813       0.9622623658418510
     656.3645096731154354       1.0287522374680949
     656.3647098065376895       0.9805926847553638
     656.3649099399599436       0.9505047834943767
     656.3651100733823114       1.1272471397781731
     656.3653102068045655       1.0465268343449021
     656.3655103402268196       0.9172657653519871
     656.3657104736490737       1.0143252899749864
     656.3659106070714415       0.9763445630584273
     656.3661107404936956       1.0091757867424980
     656.3663108739159497       1.0459532067137163
     656.3665110073382039       0.9317638948529861
     656.3667111407605717       0.9827791247495895
     656.3669112741828258       1.0208210628465042
     656.3671114076050799       1.0091356048350222
     656.3673115410273340       1.0460982732467672
     656.3675116744497018       1.0264440812165552
     656.3677118078719559       1.0263833254572297
     656.3679119412942100       0.9809864182022823
     656.3681120747164641       0.9962083923163120
     656.3683122081388319       1.0192990414797136
     656.3685123415610860       1.0513294041155996
     656.3687124749833401       1.0645332559942671
     656.3689126084055943       0.9789968412369130
     656.3691127418278484       0.9556112959980719
     656.3693128752502162       1.0299303736537528
     656.3695130086724703       0.9574669301509744
     656.3697131420947244       0.9976677412632776
     656.3699132755169785       1.0365629568695971
     656.3701134089393463       0.9909880012273754
     656.3703135423616004       0.9673578068613983
     656.3705136757838545       0.9884086688980445
     656.3707138092061086       0.9784560631960620
     656.3709139426284764       1.0951359868049615
     656.3711140760507305       0.9342886209487911
     656.3713142094729847       1.0479968301951881
     656.3715143428952388       1.0673507601022718
     656.3717144763176066       1.0015032647643238
     656.3719146097398607       0.9922726177610456
     656.3721147431621148       1.0278694014996290
     656.3723148765843689       0.9881157511845231
     656.3725150100067367       1.0317275859415531
     656.3727151434289908       0.9480043686926365
     656.3729152768512449       0.9670743085443974
     656.3731154102734990       0.8938060402870178
     656.3733155436958668       1.0650902837514877
     656.3735156771181209       1.1175305470824242
     656.3737158105403751       1.0369833372533321
     656.3739159439626292       0.9484244324266911
     656.3741160773849970       0.9415287375450134
     656.3743162108072511       0.9608486816287041
     656.3745163442295052       0.9942965158261359
     656.3747164776517593       0.9557192064821720
     656.3749166110740134       0.9593250341713428
     656.3751167444963812       1.0053911088034511
     656.3753168779186353       1.0567495599389076
     656.3755170113408894       1.0138763803988695
     656.3757171447631436       1.0124294152483344
     656.3759172781855113       1.0021945692133158
     656.3761174116077655       1.0352276600897312
     656.3763175450300196       1.0262363292276859
     656.3765176784522737       0.9683444760739803
     656.3767178118746415       0.9665349759161472
     656.3769179452968956       1.0387831814587116
     656.3771180787191497       0.9556350186467171
     656.3773182121414038       1.0251426696777344
     656.3775183455637716       0.9194311052560806
     656.3777184789860257       0.9551212973892689
     656.3779186124082798       0.9749288912862539
     656.3781187458305340       1.0257230680435896
     656.3783188792529018       0.9254814311861992
     656.3785190126751559       0.9780215360224247
     656.3787191460974100       0.9825244694948196
     656.3789192795196641       0.9395697005093098
     656.3791194129420319       1.0564896129071712
     656.3793195463642860       0.9851430701091886
     656.3795196797865401       0.9532093740999699
     656.3797198132087942       0.9667535759508610
     656.3799199466311620       0.9594162888824940
     656.3801200800534161       0.9797984026372433
     656.3803202134756702       0.8925872296094894
     656.3805203468979244       0.9782392401248217
     656.3807204803201785       1.0549743548035622
     656.3809206137425463       1.0151876648887992
     656.3811207471648004       1.0266656707972288
     656.3813208805870545       1.0332520119845867
     656.3815210140093086       0.9688318688422441
     656.3817211474316764       0.8805528134107590
     656.3819212808539305       1.0044980775564909
     656.3821214142761846       1.0153592303395271
     656.3823215476984387       0.9932164498604834
     656.3825216811208065       1.0512623786926270
     656.3827218145430606       1.0490509495139122
     656.3829219479653148       0.9472188241779804
     656.3831220813875689       0.9516064040362835
     656.3833222148099367       0.9996579082508106
     656.3835223482321908       0.9347549155354500
     656.3837224816544449       0.9909937595948577
     656.3839226150766990       1.1130327135324478
     656.3841227484990668       0.9508558697998524
     656.3843228819213209       1.0070335338823497
     656.3845230153435750       1.0603656545281410
     656.3847231487658291       0.9525050334632397
     656.3849232821881969       0.9824371784925461
     656.3851234156104510       1.0431912243366241
     656.3853235490327052       0.9172208532691002
     656.3855236824549593       1.0103694340214133
     656.3857238158772134       0.9721807111054659
     656.3859239492995812       1.0317210368812084
     656.3861240827218353       1.0741661563515663
     656.3863242161440894       1.0173648484051228
     656.3865243495663435       0.9486662745475769
     656.3867244829887113       1.1100366264581680
     656.3869246164109654       0.9977732126135379
     656.3871247498332195       1.0543922558426857
     656.3873248832554737       0.9893784252926707
     656.3875250166778414       0.9002126976847649
     656.3877251501000956       0.9981457464164123
     656.3879252835223497       1.0337294004857540
     656.3881254169446038       1.0318667218089104
     656.3883255503669716       0.9929406410083175
     656.3885256837892257       0.9917008625343442
     656.3887258172114798       1.0932786464691162
     656.3889259506337339       0.9951384002342820
     656.3891260840561017       0.9985796735854819
     656.3893262174783558       1.0497367456555367
     656.3895263509006099       1.1599623560905457
     656.3897264843228641       0.9835073705762625
     656.3899266177452319       0.9745489004999399
     656.3901267511674860       1.0454017110168934
     656.3903268845897401       1.0064502595923841
     656.3905270180119942       0.9884965242817998
     656.3907271514343620       0.9859386952593923
     656.3909272848566161       0.9391145594418049
     656.3911274182788702       0.9970918551553041
     656.3913275517011243       0.9818997662514448
     656.3915276851233784       1.0731672868132591
     656.3917278185457462       0.9845737768337131
     656.3919279519680003       1.0040907110087574
     656.3921280853902545       1.0131385950371623
     656.3923282188125086       1.0184534192085266
     656.3925283522348764       1.0269881989806890
     656.3927284856571305       0.8911417722702026
     656.3929286190793846       1.0185379609465599
     656.3931287525016387       0.9410752169787884
     656.3933288859240065       0.9536510407924652
     656.3935290193462606       1.0544571578502655
     656.3937291527685147       1.0023502525873482
     656.3939292861907688       0.8925247415900230
     656.3941294196131366       1.0429244786500931
     656.3943295530353907       1.0595347061753273
     656.3945296864576449       1.0318594127893448
     656.3947298198798990       1.0374726764857769
     656.3949299533022668       1.0332223996520042
     656.3951300867245209       1.0900963693857193
     656.3953302201467750       0.9988053133711219
     656.3955303535690291       1.0241818986833096
     656.3957304869913969       1.0486471764743328
     656.3959306204136510       1.0265507381409407
     656.3961307538359051       0.9818659219890833
     656.3963308872581592       1.0931867361068726
     656.3965310206804133       0.9398790113627911
     656.3967311541027811       0.9665938839316368
     656.3969312875250353       1.0537283010780811
     656.3971314209472894       1.0000784077783464
     656.3973315543695435       1.0038220004644245
     656.3975316877919113       0.9952947394922376
     656.3977318212141654       1.0496633686125278
     656.3979319546364195       1.0687708109617233
     656.3981320880586736       1.0514196529984474
     656.3983322214810414       0.9387703277170658
     656.3985323549032955       1.0318626835942268
     656.3987324883255496       1.0544078461825848
     656.3989326217478038       0.9650167413055897
     656.3991327551701715       1.0390569977462292
     656.3993328885924257       0.8980768397450447
     656.3995330220146798       0.9811360426247120
     656.3997331554369339       1.0083485087379813
     656.3999332888593017       1.0504215359687805
     656.4001334222815558       0.9760056529194117
     656.4003335557038099       0.9990711379796267
     656.4005336891260640       1.0046851332299411
     656.4007338225484318       1.0289053414016962
     656.4009339559706859       1.0760666206479073
     656.4011340893929400       1.0372704304754734
     656.4013342228151942       0.9624272398650646
     656.4015343562375620       0.9814487341791391
     656.4017344896598161       0.9906136980280280
     656.4019346230820702       0.9660121090710163
     656.4021347565043243       0.9376995600759983
     656.4023348899265784       1.0595051944255829
     656.4025350233489462       0.9869746249169111
     656.4027351567712003       0.9653382636606693
     656.4029352901934544       0.9625668823719025
     656.4031354236157085       0.9757882729172707
     656.4033355570380763       0.9876044578850269
     656.4035356904603304       1.0167248696088791
     656.4037358238825846       1.0151805551722646
     656.4039359573048387       0.9913923852145672
     656.4041360907272065       1.0654460862278938
     656.4043362241494606       1.0111390557140112
     656.4045363575717147       1.0511555969715118
     656.4047364909939688       0.9963617052417248
     656.4049366244163366       0.9590963199734688
     656.4051367578385907       0.9788238648325205
     656.4053368912608448       1.0111679406836629
     656.4055370246830989       0.9365041926503181
     656.4057371581054667       0.9582273475825787
     656.4059372915277208       0.9855577051639557
     656.4061374249499750       1.0123206740245223
     656.4063375583722291       0.9610183127224445
     656.4065376917945969       1.0619100108742714
     656.4067378252168510       1.1228087767958641
     656.4069379586391051       1.0207140054553747
     656.4071380920613592       1.0093772625550628
     656.4073382254836133       1.0342429317533970
     656.4075383589059811       1.0216319132596254
     656.4077384923282352       1.0373185873031616
     656.4079386257504893       0.9569484144449234
     656.4081387591727434       1.0942110940814018
     656.4083388925951112       1.0185056906193495
     656.4085390260173654       0.9481952302157879
     656.4087391594396195       0.9598767757415771
     656.4089392928618736       1.0162137616425753
     656.4091394262842414       1.0252651125192642
     656.4093395597064955       1.0955102294683456
     656.4095396931287496       0.9443227536976337
     656.4097398265510037       1.0257119815796614
     656.4099399599733715       1.0073598134331405
     656.4101400933956256       0.9422949738800526
     656.4103402268178797       1.0032963205594569
     656.4105403602401339       1.0196473691612482
     656.4107404936625016       1.0766390189528465
     656.4109406270847558       1.0201100036501884
     656.4111407605070099       1.0628380402922630
     656.4113408939292640       1.0003837087424472
     656.4115410273516318       0.9655842259526253
     656.4117411607738859       0.9284749105572701
     656.4119412941961400       1.0744974315166473
     656.4121414276183941       0.9463443793356419
     656.4123415610407619       1.0195954982191324
     656.4125416944630160       1.0741562917828560
     656.4127418278852701       1.0362272597849369
     656.4129419613075243       0.9769030120223761
     656.4131420947297784       1.0110960565507412
     656.4133422281521462       1.0406106337904930
     656.4135423615744003       0.9139786288142204
     656.4137424949966544       0.9936594259925187
     656.4139426284189085       0.9134755432605743
     656.4141427618412763       1.0239630006253719
     656.4143428952635304       0.9597215130925179
     656.4145430286857845       0.9982269030297175
     656.4147431621080386       0.9463371671736240
     656.4149432955304064       1.0190792083740234
     656.4151434289526605       1.0551180243492126
     656.4153435623749147       0.9737015180289745
     656.4155436957971688       0.9787517301738262
     656.4157438292195366       0.9538532346487045
     656.4159439626417907       1.0029081176035106
     656.4161440960640448       1.1012603789567947
     656.4163442294862989       1.0412684418261051
     656.4165443629086667       0.9327805638313293
     656.4167444963309208       0.9838511813431978
     656.4169446297531749       1.0299374368041754
     656.4171447631754290       0.9514063075184822
     656.4173448965977968       1.0273778419941664
     656.4175450300200509       0.9734690692275763
     656.4177451634423051       1.0230147428810596
     656.4179452968645592       0.9946185792796314
     656.4181454302869270       1.0741899013519287
     656.4183455637091811       1.0062620076350868
     656.4185456971314352       1.0119441719725728
     656.4187458305536893       0.9891705084592104
     656.4189459639759434       0.9958548643626273
     656.4191460973983112       0.9957169918343425
     656.4193462308205653       0.9972848566249013
     656.4195463642428194       1.0228081401437521
     656.4197464976650735       0.9489966668188572
     656.4199466310874413       1.0844987034797668
     656.4201467645096955       0.9600596092641354
     656.4203468979319496       1.0128151271492243
     656.4205470313542037       1.0435511842370033
     656.4207471647765715       0.9692209307104349
     656.4209472981988256       1.0969025492668152
     656.4211474316210797       0.9252002909779549
     656.4213475650433338       1.0080891214311123
     656.4215476984657016       0.9516749568283558
     656.4217478318879557       0.9553328268229961
     656.4219479653102098       0.9773464519530535
     656.4221480987324640       1.0378134585916996
     656.4223482321548317       0.9794307630509138
     656.4225483655770859       1.0325136072933674
     656.4227484989993400       0.9150198772549629
     656.4229486324215941       1.0251507908105850
     656.4231487658439619       0.9383455626666546
     656.4233488992662160       0.9792216829955578
     656.4235490326884701       0.9403126165270805
     656.4237491661107242       0.9665492586791515
     656.4239492995329783       1.0580582283437252
     656.4241494329553461       0.9977094072382897
     656.4243495663776002       0.9948528017848730
     656.4245496997998544       0.9555076248943806
     656.4247498332221085       0.9428921379148960
     656.4249499666444763       0.9875800581648946
     656.4251501000667304       1.0103410808369517
     656.4253502334889845       1.0049449969083071
     656.4255503669112386       0.9827522840350866
     656.4257505003336064       0.9163667038083076
     656.4259506337558605       1.0722044557332993
     656.4261507671781146       0.9865479748696089
     656.4263509006003687       0.9526379555463791
     656.4265510340227365       0.9731787759810686
     656.4267511674449906       1.1041867360472679
     656.4269513008672448       1.0268090125173330
     656.4271514342894989       1.0227854568511248
     656.4273515677118667       0.9613303095102310
     656.4275517011341208       0.8976756334304810
     656.4277518345563749       1.0091114770621061
     656.4279519679786290       1.0528539605438709
     656.4281521014009968       1.0349934063851833
     656.4283522348232509       1.0986619591712952
     656.4285523682455050       1.0193962957710028
     656.4287525016677591       1.0301823671907187
     656.4289526350901269       0.9099911749362946
     656.4291527685123810       1.0377962812781334
     656.4293529019346352       0.9932057699188590
     656.4295530353568893       0.9669366590678692
     656.4297531687791434       0.9047764763236046
     656.4299533022015112       0.9803775679320097
     656.4301534356237653       1.0130462972447276
     656.4303535690460194       0.9686564244329929
     656.4305537024682735       0.9599525667726994
     656.4307538358906413       0.8829605579376221
     656.4309539693128954       1.0739768147468567
     656.4311541027351495       0.9540370255708694
     656.4313542361574036       1.0106482813134789
     656.4315543695797714       0.9476567134261131
     656.4317545030020256       0.9846417242661119
     656.4319546364242797       0.9747977722436190
     656.4321547698465338       0.9451309479773045
     656.4323549032689016       1.0707352533936501
     656.4325550366911557       1.0914982855319977
     656.4327551701134098       0.9920142954215407
     656.4329553035356639       0.9210723489522934
     656.4331554369580317       0.9564981982111931
     656.4333555703802858       1.0986515656113625
     656.4335557038025399       0.9790643416345119
     656.4337558372247940       1.0203408282250166
     656.4339559706471618       1.0894204303622246
     656.4341561040694160       0.9350626245141029
     656.4343562374916701       1.1031205281615257
     656.4345563709139242       0.9689018130302429
     656.4347565043361783       1.0735942572355270
     656.4349566377585461       0.9827727992087603
     656.4351567711808002       1.0989643558859825
     656.4353569046030543       0.9577033407986164
     656.4355570380253084       0.9667140692472458
     656.4357571714476762       0.9680225588381290
     656.4359573048699303       0.9444765150547028
     656.4361574382921845       1.0873386114835739
     656.4363575717144386       1.0217511318624020
     656.4365577051368064       1.0604863129556179
     656.4367578385590605       1.0394068025052547
     656.4369579719813146       1.0554704181849957
     656.4371581054035687       0.9975528791546822
     656.4373582388259365       0.9972671130672097
     656.4375583722481906       1.0518613643944263
     656.4377585056704447       1.0123903630301356
     656.4379586390926988       1.0209947582334280
     656.4381587725150666       0.9966877792030573
     656.4383589059373207       1.1136463806033134
     656.4385590393595749       1.0153735000640154
     656.4387591727818290       1.0468891188502312
     656.4389593062041968       1.0191371198743582
     656.4391594396264509       1.0192766245454550
     656.4393595730487050       1.0045515056699514
     656.4395597064709591       1.0285079535096884
     656.4397598398933269       0.9262945875525475
     656.4399599733155810       0.9875010037794709
     656.4401601067378351       1.0517613552510738
     656.4403602401600892       0.9943193341605365
     656.4405603735823433       0.9294338598847389
     656.4407605070047111       0.8916091173887253
     656.4409606404269653       0.9530302286148071
     656.4411607738492194       1.0624379999935627
     656.4413609072714735       0.9856547396630049
     656.4415610406938413       0.9970180680975318
     656.4417611741160954       1.0469118766486645
     656.4419613075383495       1.0813151970505714
     656.4421614409606036       1.0688305571675301
     656.4423615743829714       0.9667517468333244
     656.4425617078052255       0.9092807620763779
     656.4427618412274796       1.0089562693610787
     656.4429619746497337       1.0631090179085732
     656.4431621080721015       1.0072305328212678
     656.4433622414943557       1.0315537452697754
     656.4435623749166098       0.9884420605376363
     656.4437625083388639       0.9323998764157295
     656.4439626417612317       0.9909947058185935
     656.4441627751834858       1.0149227026849985
     656.4443629086057399       0.9713565129786730
     656.4445630420279940       1.0214388966560364
     656.4447631754503618       0.9930834234692156
     656.4449633088726159       1.0557342357933521
     656.4451634422948700       1.0227809734642506
     656.4453635757171241       1.0267271157354116
     656.4455637091393783       0.9933504858054221
     656.4457638425617461       1.1012114882469177
     656.4459639759840002       1.0022034363355488
     656.4461641094062543       0.9971206388436258
     656.4463642428285084       1.0544139817357063
     656.4465643762508762       1.0320713780820370
     656.4467645096731303       1.0787467882037163
     656.4469646430953844       1.0438395477831364
     656.4471647765176385       1.0421764813363552
     656.4473649099400063       0.9766489230096340
     656.4475650433622604       1.0091123804450035
     656.4477651767845146       1.0355888493359089
     656.4479653102067687       0.9810264538973570
     656.4481654436291365       1.0011814244790003
     656.4483655770513906       0.9651752486824989
     656.4485657104736447       1.0669030919671059
     656.4487658438958988       1.0046693929471076
     656.4489659773182666       1.0943649560213089
     656.4491661107405207       0.9267031326889992
     656.4493662441627748       0.9696571771055460
     656.4495663775850289       0.9994588477420621
     656.4497665110073967       1.0367687121033669
     656.4499666444296508       1.0207452550530434
     656.4501667778519050       0.9663483947515488
     656.4503669112741591       1.0357810966670513
     656.4505670446965269       0.9552827812731266
     656.4507671781187810       1.0768224820494652
     656.4509673115410351       0.9919288726523519
     656.4511674449632892       1.0610178112983704
     656.4513675783855433       1.0183308664709330
     656.4515677118079111       0.9752397965639830
     656.4517678452301652       1.0450336150825024
     656.4519679786524193       1.0282029062509537
     656.4521681120746734       0.9345186278223991
     656.4523682454970412       0.9442563094198704
     656.4525683789192954       0.9976200556848198
     656.4527685123415495       1.0340244844555855
     656.4529686457638036       1.0007717426051386
     656.4531687791861714       0.9781693760305643
     656.4533689126084255       1.0689024776220322
     656.4535690460306796       1.0157512631267309
     656.4537691794529337       0.9973106055986136
     656.4539693128753015       0.9773595631122589
     656.4541694462975556       1.0645821914076805
     656.4543695797198097       1.0163360703736544
     656.4545697131420638       0.9756748881191015
     656.4547698465644316       0.9764153584837914
     656.4549699799866858       0.9930236851796508
     656.4551701134089399       0.9142193868756294
     656.4553702468311940       0.9038398340344429
     656.4555703802535618       1.0263683702796698
     656.4557705136758159       1.0572383888065815
     656.4559706470980700       1.0464536957442760
     656.4561707805203241       1.0579941757023335
     656.4563709139425782       1.0093033546581864
     656.4565710473649460       0.9297062903642654
     656.4567711807872001       0.9626940079033375
     656.4569713142094542       1.0214215237647295
     656.4571714476317084       0.9130691960453987
     656.4573715810540762       1.0610326714813709
     656.4575717144763303       0.9660209529101849
     656.4577718478985844       1.0000080499166870
     656.4579719813208385       1.0531929917633533
     656.4581721147432063       1.0381795726716518
     656.4583722481654604       1.0267341323196888
     656.4585723815877145       1.0419003181159496
     656.4587725150099686       1.0176021829247475
     656.4589726484323364       1.0624668560922146
     656.4591727818545905       0.8949467390775681
     656.4593729152768447       1.0331844948232174
     656.4595730486990988       0.9847780922427773
     656.4597731821214666       0.9268586710095406
     656.4599733155437207       1.0492256693542004
     656.4601734489659748       1.0942321494221687
     656.4603735823882289       0.9157567024230957
     656.4605737158105967       1.0178061891347170
     656.4607738492328508       1.0050089647993445
     656.4609739826551049       0.9127143770456314
     656.4611741160773590       0.9519757144153118
     656.4613742494997268       0.9924269882030785
     656.4615743829219809       1.0077849240042269
     656.4617745163442351       0.9724802393466234
     656.4619746497664892       1.0190793406218290
     656.4621747831887433       0.9517751112580299
     656.4623749166111111       0.9619992412626743
     656.4625750500333652       1.0647662431001663
     656.4627751834556193       0.9512094818055630
     656.4629753168778734       0.9777552820742130
     656.4631754503002412       0.9843089748173952
     656.4633755837224953       0.9698013979941607
     656.4635757171447494       1.0582596771419048
     656.4637758505670035       0.9870827319100499
     656.4639759839893713       1.0289605706930161
     656.4641761174116255       1.0261006206274033
     656.4643762508338796       1.0354099012911320
     656.4645763842561337       0.9912440339103341
     656.4647765176785015       0.9561359733343124
     656.4649766511007556       1.0080122444778681
     656.4651767845230097       1.0141174541786313
     656.4653769179452638       1.0616250522434711
     656.4655770513676316       1.0748528763651848
     656.4657771847898857       1.0337326936423779
     656.4659773182121398       1.0322480313479900
     656.4661774516343939       1.0399143956601620
     656.4663775850567617       0.9429002106189728
     656.4665777184790159       0.9939920562319458
     656.4667778519012700       1.0295514315366745
     656.4669779853235241       0.9338192865252495
     656.4671781187458919       1.0053611141629517
     656.4673782521681460       1.1057699099183083
     656.4675783855904001       1.0457915589213371
     656.4677785190126542       1.1021374464035034
     656.4679786524349083       1.0491116978228092
     656.4681787858572761       0.9399293772876263
     656.4683789192795302       0.9089841917157173
     656.4685790527017843       0.9821285046637058
     656.4687791861240385       0.8753875717520714
     656.4689793195464063       0.9429198913276196
     656.4691794529686604       1.0404733642935753
     656.4693795863909145       0.9785470925271511
     656.4695797198131686       0.9746361095458269
     656.4697798532355364       1.0073112854734063
     656.4699799866577905       0.9689358640462160
     656.4701801200800446       0.9663145095109940
     656.4703802535022987       0.9586410447955132
     656.4705803869246665       1.0846964940428734
     656.4707805203469206       0.9750678483396769
     656.4709806537691748       0.9401144869625568
     656.4711807871914289       1.0416254214942455
     656.4713809206137967       0.9882915979251266
     656.4715810540360508       1.0400101207196712
     656.4717811874583049       0.9473629184067249
     656.4719813208805590       0.9801989141851664
     656.4721814543029268       1.0400871597230434
     656.4723815877251809       1.0204658862203360
     656.4725817211474350       0.9308243915438652
     656.4727818545696891       1.0977899730205536
     656.4729819879919432       1.0064731664024293
     656.4731821214143110       0.9191900044679642
     656.4733822548365652       0.9752972107380629
     656.4735823882588193       1.0417502634227276
     656.4737825216810734       0.9225238114595413
     656.4739826551034412       1.0219767931848764
     656.4741827885256953       0.9635188318789005
     656.4743829219479494       1.0633098110556602
     656.4745830553702035       0.9632362648844719
     656.4747831887925713       0.9700245764106512
     656.4749833222148254       1.0377903580665588
     656.4751834556370795       1.0175598282366991
     656.4753835890593336       1.0010272926883772
     656.4755837224817014       0.9008102193474770
     656.4757838559039556       0.9202996417880058
     656.4759839893262097       0.9374233260750771
     656.4761841227484638       0.9587422609329224
     656.4763842561708316       1.0594015084207058
     656.4765843895930857       1.0300515890121460
     656.4767845230153398       0.9277504011988640
     656.4769846564375939       0.9730885382741690
     656.4771847898599617       1.1087537184357643
     656.4773849232822158       0.9647245854139328
     656.4775850567044699       1.0199954640120268
     656.4777851901267240       1.0179213006049395
     656.4779853235490918       0.9712450560182333
     656.4781854569713460       0.9744004625827074
     656.4783855903936001       0.9609102196991444
     656.4785857238158542       0.9866827400401235
     656.4787858572381083       0.9788146466016769
     656.4789859906604761       0.9562775641679764
     656.4791861240827302       1.0299690123647451
     656.4793862575049843       1.0406810566782951
     656.4795863909272384       1.0384835414588451
     656.4797865243496062       1.0596180744469166
     656.4799866577718603       1.0401309691369534
     656.4801867911941144       1.0050348090007901
     656.4803869246163686       0.9853915059939027
     656.4805870580387364       1.0163740273565054
     656.4807871914609905       0.9707180317491293
     656.4809873248832446       1.0939805805683136
     656.4811874583054987       1.0954391285777092
     656.4813875917278665       1.0017560484120622
     656.4815877251501206       0.9639657698571682
     656.4817878585723747       1.0574650466442108
     656.4819879919946288       1.0056489151902497
     656.4821881254169966       1.0370144173502922
     656.4823882588392507       0.9994761702255346
     656.4825883922615049       1.0383750759065151
     656.4827885256837590       1.0055379061959684
     656.4829886591061268       1.0306016262620687
     656.4831887925283809       1.0916844233870506
     656.4833889259506350       0.9666655920445919
     656.4835890593728891       0.9337927624583244
     656.4837891927951432       1.0164643935859203
     656.4839893262175110       1.1336313039064407
     656.4841894596397651       1.0161438230425119
     656.4843895930620192       0.9461968243122101
     656.4845897264842733       1.1007231026887894
     656.4847898599066411       0.9961238633841276
     656.4849899933288953       1.0267813112586737
     656.4851901267511494       0.9768233112990856
     656.4853902601734035       0.9949741903692484
     656.4855903935957713       0.9658253379166126
     656.4857905270180254       0.9515675790607929
     656.4859906604402795       1.0602026171982288
     656.4861907938625336       0.9916209708899260
     656.4863909272849014       1.0171547103673220
     656.4865910607071555       0.9383190497756004
     656.4867911941294096       1.0440113209187984
     656.4869913275516637       0.9791400339454412
     656.4871914609740315       0.9974332398269325
     656.4873915943962857       0.9736934173852205
     656.4875917278185398       1.0225712936371565
     656.4877918612407939       1.0763721764087677
     656.4879919946631617       0.9823554456233978
     656.4881921280854158       0.9825778622180223
     656.4883922615076699       0.9626708403229713
     656.4885923949299240       1.0190676487982273
     656.4887925283522918       1.0114699769765139
     656.4889926617745459       0.9969100786838681
     656.4891927951968000       1.0231932606548071
     656.4893929286190541       1.0203880164772272
     656.4895930620413083       1.0728692784905434
     656.4897931954636761       0.9903955087065697
     656.4899933288859302       1.0094989389181137
     656.4901934623081843       1.0801325440406799
     656.4903935957304384       1.0210624169558287
     656.4905937291528062       1.0344038046896458
     656.4907938625750603       0.9745907336473465
     656.4909939959973144       0.9359202012419701
     656.4911941294195685       1.0559337846934795
     656.4913942628419363       0.9351140037178993
     656.4915943962641904       0.9619915708899498
     656.4917945296864445       0.9524956792593002
     656.4919946631086987       1.0383836738765240
     656.4921947965310665       1.0168993789702654
     656.4923949299533206       0.9388227201998234
     656.4925950633755747       0.9647857584059238
     656.4927951967978288       0.9921960323117673
     656.4929953302201966       0.9472088217735291
     656.4931954636424507       0.9159112051129341
     656.4933955970647048       0.9098422080278397
     656.4935957304869589       0.9972531315870583
     656.4937958639093267       0.9672968871891499
     656.4939959973315808       0.9695436377078295
     656.4941961307538350       1.0068564908578992
     656.4943962641760891       1.0402083806693554
     656.4945963975983432       1.0323090367019176
     656.4947965310207110       1.1252954453229904
     656.4949966644429651       1.0185999739915133
     656.4951967978652192       0.9957445217296481
     656.4953969312874733       1.0335584916174412
     656.4955970647098411       0.9878142224624753
     656.4957971981320952       0.9538768604397774
     656.4959973315543493       0.9238877221941948
     656.4961974649766034       1.0002191641106037
     656.4963975983989712       1.0073991664685309
     656.4965977318212254       1.0261944271624088
     656.4967978652434795       0.9956549075432122
     656.4969979986657336       1.0029895915649831
     656.4971981320881014       1.0838892534375191
     656.4973982655103555       1.0181312561035156
     656.4975983989326096       1.0975181385874748
     656.4977985323548637       1.0583427511155605
     656.4979986657772315       0.9418809041380882
     656.4981987991994856       0.9535012543201447
     656.4983989326217397       1.0597357153892517
     656.4985990660439938       1.0516442470252514
     656.4987991994663616       1.0324881747364998
     656.4989993328886158       0.9133985564112663
     656.4991994663108699       0.9207660630345345
     656.4993995997331240       0.9813714269548655
     656.4995997331554918       0.9950294960290194
     656.4997998665777459       0.9561474770307541
     656.5000000000000000       1.0470956750214100
