     656.2000000000000455       1.0156598761677742
     656.2002001334222996       0.9221814647316933
     656.2004002668445537       1.0200676247477531
     656.2006004002669215       1.0770666003227234
     656.2008005336891756       1.0505676157772541
     656.2010006671114297       1.0261687487363815
     656.2012008005336838       1.1005027294158936
     656.2014009339560516       0.9845903422683477
     656.2016010673783057       1.0189104806631804
     656.2018012008005599       1.0521125905215740
     656.2020013342228140       1.0639388412237167
     656.2022014676451818       1.0260733570903540
     656.2024016010674359       1.0837586447596550
     656.2026017344896900       1.0803259089589119
     656.2028018679119441       1.0313705317676067
     656.2030020013343119       1.0227894913405180
     656.2032021347565660       1.0519129633903503
     656.2034022681788201       0.9314634874463081
     656.2036024016010742       1.0013819111045450
     656.2038025350234420       0.9908442432060838
     656.2040026684456961       1.0965051203966141
     656.2042028018679503       0.9681401252746582
     656.2044029352902044       1.0613935068249702
     656.2046030687125722       1.0647160634398460
     656.2048032021348263       1.0654620155692101
     656.2050033355570804       0.9939926229417324
     656.2052034689793345       0.9695937689393759
     656.2054036024017023       0.9480770267546177
     656.2056037358239564       1.0266207195818424
     656.2058038692462105       0.9837056007236242
     656.2060040026684646       0.9708010461181402
     656.2062041360907187       1.0016313722589985
     656.2064042695130865       0.9981001004343852
     656.2066044029353407       0.9387382753193378
     656.2068045363575948       0.9614145159721375
     656.2070046697798489       0.9515368044376373
     656.2072048032022167       1.0465688630938530
     656.2074049366244708       0.9838095400482416
     656.2076050700467249       1.0115231787785888
     656.2078052034689790       0.9574654921889305
     656.2080053368913468       1.1524178385734558
     656.2082054703136009       0.9461139738559723
     656.2084056037358550       0.9787309430539608
     656.2086057371581092       0.9767253324389458
     656.2088058705804769       0.9857332007959485
     656.2090060040027311       1.0805588066577911
     656.2092061374249852       0.9751110468059778
     656.2094062708472393       0.9955425909720361
     656.2096064042696071       0.9320705607533455
     656.2098065376918612       0.9592234976589680
     656.2100066711141153       1.0009488163632341
     656.2102068045363694       1.0538144297897816
     656.2104069379587372       0.9465514905750751
     656.2106070713809913       0.9992474598693661
     656.2108072048032454       1.0131878796964884
     656.2110073382254996       0.9383577704429626
     656.2112074716477537       0.9684269614517689
     656.2114076050701215       1.0384046547114849
     656.2116077384923756       1.0131211476400495
     656.2118078719146297       1.0224519520998001
     656.2120080053368838       1.0217278804630041
     656.2122081387592516       1.0670664012432098
     656.2124082721815057       0.9830761067569256
     656.2126084056037598       1.1038449034094810
     656.2128085390260139       0.9558612369000912
     656.2130086724483817       0.9950422309339046
     656.2132088058706358       0.9946428299881518
     656.2134089392928900       0.9651744216680527
     656.2136090727151441       1.0055599147453904
     656.2138092061375119       1.0666346326470375
     656.2140093395597660       1.0040514292195439
     656.2142094729820201       0.9960703486576676
     656.2144096064042742       0.9745578374713659
     656.2146097398266420       0.9624800533056259
     656.2148098732488961       1.0496636033058167
     656.2150100066711502       0.9480973891913891
     656.2152101400934043       0.9787617735564709
     656.2154102735157721       0.9076907783746719
     656.2156104069380262       0.9804902784526348
     656.2158105403602804       1.0799370631575584
     656.2160106737825345       1.0510849170386791
     656.2162108072049023       0.9423264972865582
     656.2164109406271564       0.9040795043110847
     656.2166110740494105       0.9250727593898773
     656.2168112074716646       0.9870592262595892
     656.2170113408939187       0.9322428628802299
     656.2172114743162865       1.0434445366263390
     656.2174116077385406       0.9841876849532127
     656.2176117411607947       0.9466097839176655
     656.2178118745830488       1.0293806530535221
     656.2180120080054166       0.9746354073286057
     656.2182121414276708       1.0506972558796406
     656.2184122748499249       1.0495323985815048
     656.2186124082721790       0.9491515457630157
     656.2188125416945468       1.0614483244717121
     656.2190126751168009       0.9534222744405270
     656.2192128085390550       1.0219041183590889
     656.2194129419613091       1.0906031057238579
     656.2196130753836769       1.0577222891151905
     656.2198132088059310       1.0095823835581541
     656.2200133422281851       0.9702427294105291
     656.2202134756504392       1.0348007343709469
     656.2204136090728070       0.9710441138595343
     656.2206137424950612       0.9592433087527752
     656.2208138759173153       0.9704407751560211
     656.2210140093395694       0.9810786601155996
     656.2212141427619372       1.0030381295364350
     656.2214142761841913       0.9209332838654518
     656.2216144096064454       0.9827092569321394
     656.2218145430286995       0.9947775225155056
     656.2220146764509536       0.9020246714353561
     656.2222148098733214       1.0524225793778896
     656.2224149432955755       1.0911517068743706
     656.2226150767178297       1.0213314928114414
     656.2228152101400838       0.9620102606713772
     656.2230153435624516       0.9717400427907705
     656.2232154769847057       1.0367980450391769
     656.2234156104069598       1.0510690994560719
     656.2236157438292139       1.0412351749837399
     656.2238158772515817       1.0371747091412544
     656.2240160106738358       0.9363698959350586
     656.2242161440960899       0.9725022930651903
     656.2244162775183440       1.0250807553529739
     656.2246164109407118       1.0351858139038086
     656.2248165443629659       0.9737841486930847
     656.2250166777852201       0.9584618099033833
     656.2252168112074742       0.9853637935593724
     656.2254169446298420       1.0207719020545483
     656.2256170780520961       1.0453757680952549
     656.2258172114743502       0.9936092635616660
     656.2260173448966043       1.0119598014280200
     656.2262174783189721       1.0915097817778587
     656.2264176117412262       1.0406977422535419
     656.2266177451634803       0.9334034994244576
     656.2268178785857344       1.0029033906757832
     656.2270180120081022       1.1260767579078674
     656.2272181454303563       0.9568916819989681
     656.2274182788526105       0.9488740861415863
     656.2276184122748646       0.8929350972175598
     656.2278185456971187       0.9639409072697163
     656.2280186791194865       0.9824804011732340
     656.2282188125417406       1.0329723730683327
     656.2284189459639947       1.0919004082679749
     656.2286190793862488       1.0013235061196610
     656.2288192128086166       0.9862470040097833
     656.2290193462308707       1.0002503942814656
     656.2292194796531248       0.9668053537607193
     656.2294196130753789       0.9916946943849325
     656.2296197464977467       1.0250723864883184
     656.2298198799200009       0.9571781344711781
     656.2300200133422550       1.0170477367937565
     656.2302201467645091       1.0489008836448193
     656.2304202801868769       1.0936963334679604
     656.2306204136091310       0.9502197392284870
     656.2308205470313851       1.0203638318926096
     656.2310206804536392       1.0073015945963562
     656.2312208138760070       1.0741924569010735
     656.2314209472982611       1.0496066287159920
     656.2316210807205152       0.9326726719737053
     656.2318212141427693       1.0472165904939175
     656.2320213475651371       0.9641463644802570
     656.2322214809873913       1.0215825177729130
     656.2324216144096454       0.9612112604081631
     656.2326217478318995       0.9099053591489792
     656.2328218812541536       1.0546520613133907
     656.2330220146765214       0.9674012698233128
     656.2332221480987755       1.0096872961148620
     656.2334222815210296       1.0006137480377220
     656.2336224149432837       0.9386059567332268
     656.2338225483656515       0.9124352708458900
     656.2340226817879056       0.9835977070033550
     656.2342228152101598       1.0675868988037109
     656.2344229486324139       0.9305739998817444
     656.2346230820547817       1.0214232169091702
     656.2348232154770358       0.9486914910376072
     656.2350233488992899       1.0590251758694649
     656.2352234823215440       0.9830646850168705
     656.2354236157439118       1.0268145147711039
     656.2356237491661659       1.0007208269671537
     656.2358238825884200       0.9927683812566102
     656.2360240160106741       0.9546493478119373
     656.2362241494330419       1.0185033697634935
     656.2364242828552960       1.0435956940054893
     656.2366244162775502       1.0192814301699400
     656.2368245496998043       1.0010458207689226
     656.2370246831221721       0.9950051251798868
     656.2372248165444262       0.9366053715348244
     656.2374249499666803       1.0674070119857788
     656.2376250833889344       1.0207332372665405
     656.2378252168113022       1.0063030212186277
     656.2380253502335563       1.0295701529830694
     656.2382254836558104       0.9955757101997733
     656.2384256170780645       0.9611901082098484
     656.2386257505003186       0.9813858736306429
     656.2388258839226864       1.0069053480401635
     656.2390260173449406       1.0143909128382802
     656.2392261507671947       1.0038188470061868
     656.2394262841894488       1.0955676808953285
     656.2396264176118166       0.9952892595902085
     656.2398265510340707       1.0223615691065788
     656.2400266844563248       0.9754521008580923
     656.2402268178785789       0.9357477426528931
     656.2404269513009467       0.9596429802477360
     656.2406270847232008       1.0458856523036957
     656.2408272181454549       0.9633518792688847
     656.2410273515677090       0.9719297103583813
     656.2412274849900768       0.9725585393607616
     656.2414276184123310       1.0308860726654530
     656.2416277518345851       1.0395277999341488
     656.2418278852568392       1.0542455986142159
     656.2420280186792070       0.9349898695945740
     656.2422281521014611       0.9705804996192455
     656.2424282855237152       0.9566486403346062
     656.2426284189459693       0.9314880296587944
     656.2428285523683371       1.0131629547104239
     656.2430286857905912       1.0748004391789436
     656.2432288192128453       0.9716394301503897
     656.2434289526350994       1.0220037437975407
     656.2436290860574672       0.9980617851251736
     656.2438292194797214       1.0014967180322856
     656.2440293529019755       1.0237131621688604
     656.2442294863242296       0.9595686458051205
     656.2444296197464837       1.0083234217017889
     656.2446297531688515       0.9821663778275251
     656.2448298865911056       1.0364961028099060
     656.2450300200133597       0.9742696937173605
     656.2452301534356138       1.0629393383860588
     656.2454302868579816       0.9931209860369563
     656.2456304202802357       0.9248293489217758
     656.2458305537024899       1.0465091429650784
     656.2460306871247440       1.0297630410641432
     656.2462308205471118       0.9387038461863995
     656.2464309539693659       1.0341403782367706
     656.2466310873916200       0.9656018391251564
     656.2468312208138741       1.0063147940672934
     656.2470313542362419       1.0084689063951373
     656.2472314876584960       0.9276192486286163
     656.2474316210807501       1.1108857542276382
     656.2476317545030042       0.8947743251919746
     656.2478318879253720       1.0041609420441091
     656.2480320213476261       0.9563700295984745
     656.2482321547698803       1.0156786907464266
     656.2484322881921344       1.0685835108160973
     656.2486324216145022       0.9844546392560005
     656.2488325550367563       1.0104464460164309
     656.2490326884590104       0.9418351463973522
     656.2492328218812645       0.9611224122345448
     656.2494329553035186       0.9620237313210964
     656.2496330887258864       0.9975442483555526
     656.2498332221481405       1.0034699642565101
     656.2500333555703946       0.9856450632214546
     656.2502334889926487       1.0680728629231453
     656.2504336224150165       0.9122998490929604
     656.2506337558372707       0.9573197104036808
     656.2508338892595248       0.9493852369487286
     656.2510340226817789       1.0374155454337597
     656.2512341561041467       0.8954724892973900
     656.2514342895264008       1.0028764435555786
     656.2516344229486549       1.0422887690365314
     656.2518345563709090       0.9389657787978649
     656.2520346897932768       1.0204551257193089
     656.2522348232155309       1.0429804958403111
     656.2524349566377850       0.9706898052245378
     656.2526350900600391       0.9453736655414104
     656.2528352234824069       1.0250922199338675
     656.2530353569046611       1.0049429717473686
     656.2532354903269152       1.0327205173671246
     656.2534356237491693       0.9876148598268628
     656.2536357571715371       0.9968752546701580
     656.2538358905937912       1.0078766513615847
     656.2540360240160453       1.0247274227440357
     656.2542361574382994       0.9987140492303297
     656.2544362908606672       1.0476449690759182
     656.2546364242829213       1.0023190674837679
     656.2548365577051754       0.9958227491006255
     656.2550366911274295       0.9936880660243332
     656.2552368245496837       0.9878937164321542
     656.2554369579720515       1.0457106605172157
     656.2556370913943056       1.0508966930210590
     656.2558372248165597       0.9316958561539650
     656.2560373582388138       1.0513097457587719
     656.2562374916611816       1.1029206886887550
     656.2564376250834357       0.9679809287190437
     656.2566377585056898       0.9652952216565609
     656.2568378919279439       0.9647823162376881
     656.2570380253503117       0.9946004226803780
     656.2572381587725658       0.9999669352291676
     656.2574382921948200       1.0437243357300758
     656.2576384256170741       0.8712129592895508
     656.2578385590394419       1.0567389018833637
     656.2580386924616960       0.9978983479086310
     656.2582388258839501       1.0551458708941936
     656.2584389593062042       1.0141000300645828
     656.2586390927285720       0.9927855804562569
     656.2588392261508261       1.0250431001186371
     656.2590393595730802       1.0859981104731560
     656.2592394929953343       0.9387676417827606
     656.2594396264177021       0.9580451622605324
     656.2596397598399562       1.0531177408993244
     656.2598398932622104       1.0202170442789793
     656.2600400266844645       0.9251796603202820
     656.2602401601067186       1.0107407709583640
     656.2604402935290864       1.0855056345462799
     656.2606404269513405       1.0355669520795345
     656.2608405603735946       0.9861731426790357
     656.2610406937958487       0.9964311255607754
     656.2612408272182165       1.0117352306842804
     656.2614409606404706       0.9325376823544502
     656.2616410940627247       1.0666077360510826
     656.2618412274849788       0.9952934230677783
     656.2620413609073466       1.0258669741451740
     656.2622414943296008       0.9977578783873469
     656.2624416277518549       1.0086610363796353
     656.2626417611741090       0.9727537743747234
     656.2628418945964768       0.9457786493003368
     656.2630420280187309       0.9691934734582901
     656.2632421614409850       1.0603694804012775
     656.2634422948632391       1.0432596877217293
     656.2636424282856069       1.0047610029578209
     656.2638425617078610       1.0575008951127529
     656.2640426951301151       1.0797794237732887
     656.2642428285523692       0.9470698833465576
     656.2644429619747370       1.0250451657921076
     656.2646430953969912       0.9870552169159055
     656.2648432288192453       1.0566681139171124
     656.2650433622414994       0.9635911695659161
     656.2652434956638672       0.9263614043593407
     656.2654436290861213       1.1067746207118034
     656.2656437625083754       0.9471878930926323
     656.2658438959306295       0.9885127786546946
     656.2660440293528836       1.0457037426531315
     656.2662441627752514       1.0271563772112131
     656.2664442961975055       0.9607068300247192
     656.2666444296197596       0.9275446608662605
     656.2668445630420138       1.0509589724242687
     656.2670446964643816       0.9851174307987094
     656.2672448298866357       0.9656546898186207
     656.2674449633088898       1.0089200884103775
     656.2676450967311439       1.0340524353086948
     656.2678452301535117       0.8791484236717224
     656.2680453635757658       0.9876544196158648
     656.2682454969980199       1.0241186153143644
     656.2684456304202740       1.1355728656053543
     656.2686457638426418       0.9330413192510605
     656.2688458972648959       1.1259441226720810
     656.2690460306871501       1.0197877958416939
     656.2692461641094042       1.0141113717108965
     656.2694462975317720       0.9152731075882912
     656.2696464309540261       1.0638823732733727
     656.2698465643762802       1.0598333142697811
     656.2700466977985343       1.0091953715309501
     656.2702468312209021       1.0711560547351837
     656.2704469646431562       0.9777197744697332
     656.2706470980654103       1.0632301717996597
     656.2708472314876644       1.0293938070535660
     656.2710473649099185       0.9768093246966600
     656.2712474983322863       0.9378714486956596
     656.2714476317545405       0.9815200790762901
     656.2716477651767946       0.9450743086636066
     656.2718478985990487       0.9927606992423534
     656.2720480320214165       1.0976481959223747
     656.2722481654436706       1.0348595231771469
     656.2724482988659247       0.9696997720748186
     656.2726484322881788       0.8286934345960617
     656.2728485657105466       0.9942439165897667
     656.2730486991328007       1.0608680844306946
     656.2732488325550548       0.9839975237846375
     656.2734489659773089       1.0149255199357867
     656.2736490993996767       0.9516712464392185
     656.2738492328219309       0.9812775272876024
     656.2740493662441850       1.0293752457946539
     656.2742494996664391       1.0604958795011044
     656.2744496330888069       1.0209690183401108
     656.2746497665110610       0.9627459123730659
     656.2748498999333151       0.9911975348368287
     656.2750500333555692       0.9845137307420373
     656.2752501667779370       1.0784179493784904
     656.2754503002001911       0.8987195938825607
     656.2756504336224452       0.9475715570151806
     656.2758505670446993       0.9901427486911416
     656.2760507004670671       1.0179285798221827
     656.2762508338893213       1.0235452409833670
     656.2764509673115754       1.0251694414764643
     656.2766511007338295       0.8629975914955139
     656.2768512341560836       0.9732968173921108
     656.2770513675784514       0.9817091617733240
     656.2772515010007055       0.9554045945405960
     656.2774516344229596       1.0164758991450071
     656.2776517678452137       1.0404793098568916
     656.2778519012675815       0.9558007046580315
     656.2780520346898356       1.0446556434035301
     656.2782521681120897       1.0003332908381708
     656.2784523015343439       1.0298187118023634
     656.2786524349567117       1.0490446053445339
     656.2788525683789658       1.0017067103181034
     656.2790527018012199       1.0108854277059436
     656.2792528352234740       0.9934942335821688
     656.2794529686458418       0.9326667785644531
     656.2796531020680959       1.0534348785877228
     656.2798532354903500       1.0259047094732523
     656.2800533689126041       1.0138803618028760
     656.2802535023349719       1.0303829256445169
     656.2804536357572260       0.9969277179334313
     656.2806537691794802       1.0376575849950314
     656.2808539026017343       1.0305691063404083
     656.2810540360241021       1.0305233579128981
     656.2812541694463562       0.9902197122573853
     656.2814543028686103       0.9638985656201839
     656.2816544362908644       0.9857409996911883
     656.2818545697131185       0.9644481055438519
     656.2820547031354863       1.0090937409549952
     656.2822548365577404       1.0117744235321879
     656.2824549699799945       0.9933242388069630
     656.2826551034022486       1.0501854084432125
     656.2828552368246164       0.9577860720455647
     656.2830553702468706       1.0518826507031918
     656.2832555036691247       0.9359064102172852
     656.2834556370913788       1.0337913110852242
     656.2836557705137466       0.9517829716205597
     656.2838559039360007       1.0725620314478874
     656.2840560373582548       0.9629521258175373
     656.2842561707805089       0.9863328617066145
     656.2844563042028767       0.9755924586206675
     656.2846564376251308       0.9579036757349968
     656.2848565710473849       1.0614580623805523
     656.2850567044696390       1.0377244539558887
     656.2852568378920068       0.8915898799896240
     656.2854569713142610       0.9873089473694563
     656.2856571047365151       0.9960748711600900
     656.2858572381587692       0.9103573635220528
     656.2860573715811370       0.9671318866312504
     656.2862575050033911       0.9993006467702799
     656.2864576384256452       1.1055067777633667
     656.2866577718478993       0.9782142881304026
     656.2868579052702671       0.9937227969057858
     656.2870580386925212       0.9132259860634804
     656.2872581721147753       0.9711922854185104
     656.2874583055370294       1.0418925732374191
     656.2876584389592836       1.0424116589128971
     656.2878585723816514       0.9962342467624694
     656.2880587058039055       1.0354762375354767
     656.2882588392261596       1.0138016417622566
     656.2884589726484137       0.9601653069257736
     656.2886591060707815       1.0561146736145020
     656.2888592394930356       1.0338828042149544
     656.2890593729152897       0.9500050283968449
     656.2892595063375438       1.0737229213118553
     656.2894596397599116       0.9855255568400025
     656.2896597731821657       1.0105822924524546
     656.2898599066044198       0.9543433450162411
     656.2900600400266740       0.9122853130102158
     656.2902601734490418       1.0132285272702575
     656.2904603068712959       0.9559121094644070
     656.2906604402935500       0.9979100287891924
     656.2908605737158041       1.0446687415242195
     656.2910607071381719       1.0337807536125183
     656.2912608405604260       0.9363137632608414
     656.2914609739826801       0.9848405197262764
     656.2916611074049342       1.0256229378283024
     656.2918612408273020       1.0572584941983223
     656.2920613742495561       0.9628370553255081
     656.2922615076718103       0.9631442725658417
     656.2924616410940644       1.0891069471836090
     656.2926617745164322       1.0931008756160736
     656.2928619079386863       0.9516247995197773
     656.2930620413609404       1.0202591605484486
     656.2932621747831945       1.0002469785686117
     656.2934623082054486       0.9632076136767864
     656.2936624416278164       1.0922575220465660
     656.2938625750500705       0.9895344497635961
     656.2940627084723246       1.0183872245252132
     656.2942628418945787       0.9021406546235085
     656.2944629753169465       0.9194670543074608
     656.2946631087392007       0.9799988381564617
     656.2948632421614548       0.9940207065083086
     656.2950633755837089       0.9222282990813255
     656.2952635090060767       0.9335915222764015
     656.2954636424283308       0.9560675807297230
     656.2956637758505849       0.9808117561042309
     656.2958639092728390       1.0800718888640404
     656.2960640426952068       1.0015875718090683
     656.2962641761174609       0.9851388344541192
     656.2964643095397150       1.0641178563237190
     656.2966644429619691       1.0351698137819767
     656.2968645763843369       0.9819805044680834
     656.2970647098065911       0.9974755255971104
     656.2972648432288452       0.9700176827609539
     656.2974649766510993       1.0989617779850960
     656.2976651100734671       0.9698290023952723
     656.2978652434957212       1.0275644846260548
     656.2980653769179753       1.0767603963613510
     656.2982655103402294       1.0136475758627057
     656.2984656437624835       1.0113684553653002
     656.2986657771848513       1.0002922925632447
     656.2988659106071054       0.9882198926061392
     656.2990660440293595       0.9843315985053778
     656.2992661774516137       1.0522212870419025
     656.2994663108739815       1.0179736018180847
     656.2996664442962356       1.0088622486218810
     656.2998665777184897       0.9580946229398251
     656.3000667111407438       1.0299075394868851
     656.3002668445631116       0.9952266039326787
     656.3004669779853657       1.0420851334929466
     656.3006671114076198       0.9535323716700077
     656.3008672448298739       0.9019301161170006
     656.3010673782522417       0.9685777015984058
     656.3012675116744958       0.9854286937043071
     656.3014676450967499       1.1390315443277359
     656.3016677785190041       1.0037004020996392
     656.3018679119413719       0.9692816678434610
     656.3020680453636260       0.9108626320958138
     656.3022681787858801       0.9338625594973564
     656.3024683122081342       1.0273949597030878
     656.3026684456305020       1.0370049588382244
     656.3028685790527561       1.0320782102644444
     656.3030687124750102       0.9732316434383392
     656.3032688458972643       1.0501559153199196
     656.3034689793196321       1.0509451515972614
     656.3036691127418862       0.9792539477348328
     656.3038692461641403       1.0373242013156414
     656.3040693795863945       0.9804325103759766
     656.3042695130086486       1.0162475537508726
     656.3044696464310164       0.9858445646241307
     656.3046697798532705       1.0580477826297283
     656.3048699132755246       1.0886783525347710
     656.3050700466977787       0.9688351210206747
     656.3052701801201465       0.9957440486177802
     656.3054703135424006       1.0275285635143518
     656.3056704469646547       0.8965189084410667
     656.3058705803869088       1.0131887663155794
     656.3060707138092766       1.0222882907837629
     656.3062708472315308       1.0682616755366325
     656.3064709806537849       1.0334039069712162
     656.3066711140760390       0.9810606706887484
     656.3068712474984068       1.0066861486993730
     656.3070713809206609       0.9136076644062996
     656.3072715143429150       1.0239319857209921
     656.3074716477651691       0.9345588162541389
     656.3076717811875369       0.9697470031678677
     656.3078719146097910       1.0009520029998384
     656.3080720480320451       1.0485373996198177
     656.3082721814542992       0.9636920727789402
     656.3084723148766670       0.9846042301505804
     656.3086724482989212       0.9212854951620102
     656.3088725817211753       1.0560182519257069
     656.3090727151434294       0.9606629200279713
     656.3092728485656835       1.0280509050935507
     656.3094729819880513       0.9658878669142723
     656.3096731154103054       0.9989373935386539
     656.3098732488325595       1.0502530410885811
     656.3100733822548136       1.0564045384526253
     656.3102735156771814       0.9984809098532423
     656.3104736490994355       1.0466974638402462
     656.3106737825216896       1.0122867301106453
     656.3108739159439438       0.9452569596469402
     656.3110740493663116       1.0234403666108847
     656.3112741827885657       0.9920381642878054
     656.3114743162108198       1.0710310041904449
     656.3116744496330739       1.0076106484048066
     656.3118745830554417       0.9506548345088955
     656.3120747164776958       0.9167825579643245
     656.3122748498999499       0.9996277978352730
     656.3124749833222040       0.9403985738754262
     656.3126751167445718       1.0330752395093425
     656.3128752501668259       0.9444750435650325
     656.3130753835890800       1.0571241937577689
     656.3132755170113342       1.0658296272158569
     656.3134756504337020       1.0199906267225665
     656.3136757838559561       1.0307883005589131
     656.3138759172782102       1.0104965036734770
     656.3140760507004643       1.0366006009280433
     656.3142761841228321       0.9625537469982736
     656.3144763175450862       1.0508829765021266
     656.3146764509673403       1.0583616867660695
     656.3148765843895944       1.0452862232922369
     656.3150767178118485       0.9702419247476590
     656.3152768512342163       1.0225983839479666
     656.3154769846564704       0.9010598883029322
     656.3156771180787246       0.9730765372509705
     656.3158772515009787       0.9765279982231783
     656.3160773849233465       1.0333539769043081
     656.3162775183456006       0.9851572867468036
     656.3164776517678547       0.9950188607887543
     656.3166777851901088       0.9491881653636219
     656.3168779186124766       0.9008732810573445
     656.3170780520347307       0.9519549012123091
     656.3172781854569848       0.9258625805291589
     656.3174783188792389       1.0338679216680235
     656.3176784523016067       0.9772136192597244
     656.3178785857238609       0.9780348408726354
     656.3180787191461150       0.9775837957521629
     656.3182788525683691       1.0056509677780643
     656.3184789859907369       0.9937118514715328
     656.3186791194129910       0.9872115924041172
     656.3188792528352451       1.0181496607736000
     656.3190793862574992       1.0073109150975228
     656.3192795196798670       1.0539363508489963
     656.3194796531021211       1.0156676318895657
     656.3196797865243752       0.9740098803394550
     656.3198799199466293       1.0089270419707443
     656.3200800533688835       0.9531144491237291
     656.3202801867912513       1.0695641476198532
     656.3204803202135054       0.9120140432394302
     656.3206804536357595       0.9881229537513725
     656.3208805870580136       1.0726837039793347
     656.3210807204803814       0.9599393306291059
     656.3212808539026355       1.0440134055419870
     656.3214809873248896       1.0677653033401620
     656.3216811207471437       1.0329958813646329
     656.3218812541695115       1.0552335441411222
     656.3220813875917656       1.0808101649625719
     656.3222815210140197       0.9837564099393986
     656.3224816544362739       0.9962059647404795
     656.3226817878586417       0.9129826332441658
     656.3228819212808958       1.0683124665846981
     656.3230820547031499       1.0222822417932524
     656.3232821881254040       1.0605257415467562
     656.3234823215477718       1.0155655085072075
     656.3236824549700259       1.0610214510162121
     656.3238825883922800       1.0144490418373291
     656.3240827218145341       0.9288255671535888
     656.3242828552369019       0.9985058568894621
     656.3244829886591560       1.0178490237419344
     656.3246831220814101       1.0236168436295736
     656.3248832555036643       0.9726159099248334
     656.3250833889260321       0.9824008726908081
     656.3252835223482862       0.9695165102357899
     656.3254836557705403       0.9483834056331125
     656.3256837891927944       1.0147491449177282
     656.3258839226150485       0.9781816763464941
     656.3260840560374163       1.0150698068111770
     656.3262841894596704       1.0585358293990805
     656.3264843228819245       1.0609661228485310
     656.3266844563041786       0.9839385369986825
     656.3268845897265464       1.0556559573867630
     656.3270847231488005       1.0144213902775663
     656.3272848565710547       1.0602478484883266
     656.3274849899933088       1.0590548819103538
     656.3276851234156766       1.0515689951552707
     656.3278852568379307       0.9773241156236172
     656.3280853902601848       1.0207167180014587
     656.3282855236824389       0.9483634262831262
     656.3284856571048067       1.0127926047409925
     656.3286857905270608       1.0204055109732257
     656.3288859239493149       1.0414743862588642
     656.3290860573715690       1.0541268158433663
     656.3292861907939368       0.8665036662586385
     656.3294863242161910       1.0414326319488847
     656.3296864576384451       1.0802826200088071
     656.3298865910606992       0.9169658420908993
     656.3300867244830670       1.0731589804804014
     656.3302868579053211       1.1097912589512489
     656.3304869913275752       0.9637235879318321
     656.3306871247498293       1.0219841380663477
     656.3308872581721971       1.0910412395872864
     656.3310873915944512       0.9531412639237273
     656.3312875250167053       1.0678469878186230
     656.3314876584389594       0.9753280641790458
     656.3316877918612136       1.0116050005391899
     656.3318879252835814       0.9587103206558616
     656.3320880587058355       1.1183135985496473
     656.3322881921280896       0.9244371800905342
     656.3324883255503437       0.9423871886367616
     656.3326884589727115       0.9862619178807940
     656.3328885923949656       1.0513510867273483
     656.3330887258172197       1.0678738102750356
     656.3332888592394738       0.9348848124399657
     656.3334889926618416       0.9838051173898305
     656.3336891260840957       0.9310561031958788
     656.3338892595063498       0.9878130057045404
     656.3340893929286040       1.0265717759850119
     656.3342895263509718       1.0419514538683279
     656.3344896597732259       0.9211618280091982
     656.3346897931954800       0.9685036066513896
     656.3348899266177341       1.0110006009933303
     656.3350900600401019       0.9312801237763254
     656.3352901934623560       0.8932064351489951
     656.3354903268846101       0.8921521036203613
     656.3356904603068642       0.9728066049956812
     656.3358905937292320       0.9573843576346464
     656.3360907271514861       1.0189867709945646
     656.3362908605737402       0.9581933467532694
     656.3364909939959944       0.9784882282055570
     656.3366911274182485       0.9626586185850310
     656.3368912608406163       0.9357884090447520
     656.3370913942628704       0.9786172819667630
     656.3372915276851245       1.0345543433252251
     656.3374916611073786       0.9197047056967519
     656.3376917945297464       0.9032012882865703
     656.3378919279520005       1.0180733001990157
     656.3380920613742546       1.0587730280310970
     656.3382921947965087       0.9510536363703925
     656.3384923282188765       0.9809226003550846
     656.3386924616411306       1.0389685637106425
     656.3388925950633848       0.9419233814418626
     656.3390927284856389       0.8451759391298107
     656.3392928619080067       0.9503703871529923
     656.3394929953302608       0.9367842711931120
     656.3396931287525149       0.8758180519158814
     656.3398932621747690       0.9302218224750827
     656.3400933955971368       0.9384125059360842
     656.3402935290193909       0.8726966229171904
     656.3404936624416450       0.9637333988629487
     656.3406937958638991       0.8336775319922015
     656.3408939292862669       0.8606344618618387
     656.3410940627085211       0.8339425738927169
     656.3412941961307752       0.9297119235876872
     656.3414943295530293       0.7992556120448109
     656.3416944629753971       0.8965602506020018
     656.3418945963976512       0.8024416776194339
     656.3420947298199053       0.8933406267405806
     656.3422948632421594       0.7925247442378223
     656.3424949966644135       0.7826823915610975
     656.3426951300867813       0.8848956036542573
     656.3428952635090354       0.7915433415157588
     656.3430953969312895       0.8604383448328600
     656.3432955303535437       0.8417020002400292
     656.3434956637759115       0.8282534136155025
     656.3436957971981656       0.7550851199524155
     656.3438959306204197       0.8893222339669979
     656.3440960640426738       0.7241276524655335
     656.3442961974650416       0.7684083288145249
     656.3444963308872957       0.7638267554476594
     656.3446964643095498       0.8184213957395344
     656.3448965977318039       0.7783054271629466
     656.3450967311541717       0.8237248313835344
     656.3452968645764258       0.7898462205012613
     656.3454969979986799       0.7374295316223896
     656.3456971314209341       0.8152008703325986
     656.3458972648433019       0.7192512000290667
     656.3460973982655560       0.8056972963901302
     656.3462975316878101       0.7792878396244416
     656.3464976651100642       0.7859640504783881
     656.3466977985324320       0.8105217776031215
     656.3468979319546861       0.8391107070198849
     656.3470980653769402       0.8454087549833388
     656.3472981987991943       0.7672493368233363
     656.3474983322214484       0.8380917902365339
     656.3476984656438162       0.8333632472266894
     656.3478985990660703       0.8844009424239329
     656.3480987324883245       0.8837664976372529
     656.3482988659105786       0.7531742210470768
     656.3484989993329464       0.7554859449786491
     656.3486991327552005       0.8456767006985706
     656.3488992661774546       0.7795150501870434
     656.3490993995997087       0.7791057750593009
     656.3492995330220765       0.8833268982090051
     656.3494996664443306       0.8891113148512068
     656.3496997998665847       0.9081405241583742
     656.3498999332888388       0.9405208927656620
     656.3501000667112066       0.9591035242360306
     656.3503002001334607       0.9415426284057162
     656.3505003335557149       0.9055711835704868
     656.3507004669779690       1.0422608331431109
     656.3509006004003368       0.8396226168036081
     656.3511007338225909       0.9297382332273386
     656.3513008672448450       0.9433129270792694
     656.3515010006670991       0.9183609285635639
     656.3517011340894669       0.8963637180206429
     656.3519012675117210       0.9353954934874966
     656.3521014009339751       0.9931135840256834
     656.3523015343562292       1.0393300759945852
     656.3525016677785970       0.9618950654667878
     656.3527018012008512       1.0436597663085272
     656.3529019346231053       1.0496167088728037
     656.3531020680453594       0.9682064348838080
     656.3533022014676135       1.0086647898697620
     656.3535023348899813       0.9760614284813054
     656.3537024683122354       1.0342164687746560
     656.3539026017344895       0.9352739088777623
     656.3541027351567436       0.9362012394733668
     656.3543028685791114       0.9244201690151231
     656.3545030020013655       0.9178248088881392
     656.3547031354236196       0.9996119601770946
     656.3549032688458738       1.0550085292531641
     656.3551034022682416       1.0103262409490865
     656.3553035356904957       1.0599030185573155
     656.3555036691127498       1.0186579584203641
     656.3557038025350039       0.9327855689655580
     656.3559039359573717       0.9965653142405249
     656.3561040693796258       0.9580404324736017
     656.3563042028018799       1.0063269450642869
     656.3565043362241340       0.9595556287287930
     656.3567044696465018       0.9782839478279217
     656.3569046030687559       1.0309571047715838
     656.3571047364910100       1.0622111812429829
     656.3573048699132642       1.0744894916669208
     656.3575050033356320       1.0979612355352213
     656.3577051367578861       0.9878243905821273
     656.3579052701801402       1.0471343705765350
     656.3581054036023943       1.0301124181119281
     656.3583055370246484       1.0399002559324924
     656.3585056704470162       0.9811164050227982
     656.3587058038692703       1.0377083434691490
     656.3589059372915244       0.8885501653529020
     656.3591060707137785       1.0054822374044143
     656.3593062041361463       1.0285119668776925
     656.3595063375584004       1.0279620630590083
     656.3597064709806546       1.0533371439823287
     656.3599066044029087       0.9258773165846002
     656.3601067378252765       1.0714420157798092
     656.3603068712475306       0.9317713197113281
     656.3605070046697847       0.9551309946990029
     656.3607071380920388       1.0513408636085906
     656.3609072715144066       0.9800870142986039
     656.3611074049366607       1.0160766327582076
     656.3613075383589148       0.8864277127464025
     656.3615076717811689       1.0555107921423397
     656.3617078052035367       0.9434463321831162
     656.3619079386257908       0.8772785143185550
     656.3621080720480450       0.9771803739169701
     656.3623082054702991       1.0776686507956301
     656.3625083388926669       0.9762464584457523
     656.3627084723149210       1.0193074915984481
     656.3629086057371751       1.0321891298757602
     656.3631087391594292       0.9261656021027791
     656.3633088725817970       1.0796738133978443
     656.3635090060040511       0.9488268521157632
     656.3637091394263052       1.0516469353625639
     656.3639092728485593       0.9992665296029645
     656.3641094062708135       1.0348913388428393
     656.3643095396931813       0.9644589509730149
     656.3645096731154354       0.9190419254495128
     656.3647098065376895       1.0666328382786086
     656.3649099399599436       1.0762294944324600
     656.3651100733823114       1.0147359529628228
     656.3653102068045655       0.9779458559532599
     656.3655103402268196       0.9819864209713666
     656.3657104736490737       1.1020080655599154
     656.3659106070714415       0.9093771958686693
     656.3661107404936956       0.9825819048291642
     656.3663108739159497       0.9910219738045105
     656.3665110073382039       0.9340412725850927
     656.3667111407605717       0.9345530453633999
     656.3669112741828258       1.0457935276158967
     656.3671114076050799       1.0698196253814447
     656.3673115410273340       1.0360398317126740
     656.3675116744497018       1.0019346312131951
     656.3677118078719559       0.9805647572929074
     656.3679119412942100       1.0645102502465758
     656.3681120747164641       0.9685201061313266
     656.3683122081388319       1.0104527920796638
     656.3685123415610860       0.9830846731200535
     656.3687124749833401       1.0125478418409783
     656.3689126084055943       1.0635068758635429
     656.3691127418278484       0.9932498834824698
     656.3693128752502162       0.9593889808403275
     656.3695130086724703       0.9699167094050587
     656.3697131420947244       1.0454742266184298
     656.3699132755169785       1.0439182774095928
     656.3701134089393463       0.9762345324114838
     656.3703135423616004       0.9792469885418797
     656.3705136757838545       1.0266329289658898
     656.3707138092061086       0.9014075173079436
     656.3709139426284764       1.0826300530288946
     656.3711140760507305       1.0628740786541653
     656.3713142094729847       0.9738889950564825
     656.3715143428952388       1.0100141539671470
     656.3717144763176066       1.0284070577115672
     656.3719146097398607       0.9036955684168612
     656.3721147431621148       1.0533971972581972
     656.3723148765843689       0.9424394368996326
     656.3725150100067367       0.8847533240822865
     656.3727151434289908       0.9596043936843555
     656.3729152768512449       1.0913647189690734
     656.3731154102734990       0.9880262995106657
     656.3733155436958668       1.0144030246861095
     656.3735156771181209       1.0350445471688228
     656.3737158105403751       0.9414122216392466
     656.3739159439626292       1.0260269083075002
     656.3741160773849970       0.9813698325300844
     656.3743162108072511       0.9781857728954433
     656.3745163442295052       1.0494041368362732
     656.3747164776517593       1.0597203336654331
     656.3749166110740134       1.0159204918889979
     656.3751167444963812       1.0532562807201507
     656.3753168779186353       1.0123785389586715
     656.3755170113408894       0.8999425619840233
     656.3757171447631436       1.0004275574756054
     656.3759172781855113       1.0782200619578182
     656.3761174116077655       0.9844359485432383
     656.3763175450300196       0.9533037692308344
     656.3765176784522737       0.9593511298298780
     656.3767178118746415       0.9876279113814197
     656.3769179452968956       0.9054676294326757
     656.3771180787191497       1.0255409926176053
     656.3773182121414038       0.9217848554253567
     656.3775183455637716       1.0978805199265471
     656.3777184789860257       1.0394337549805637
     656.3779186124082798       1.0467289499938484
     656.3781187458305340       0.9877522382885215
     656.3783188792529018       1.0113987969234586
     656.3785190126751559       1.0190947502851486
     656.3787191460974100       1.0720422044396400
     656.3789192795196641       0.9393967911601067
     656.3791194129420319       0.9831784684211016
     656.3793195463642860       0.9193102642893791
     656.3795196797865401       0.9672628529369831
     656.3797198132087942       0.9951000628061593
     656.3799199466311620       1.0519946813583374
     656.3801200800534161       0.8751014918088913
     656.3803202134756702       1.0101939709857106
     656.3805203468979244       0.9950277749449015
     656.3807204803201785       1.0150592988356948
     656.3809206137425463       1.0073950709775090
     656.3811207471648004       1.0116002708673477
     656.3813208805870545       1.0983780845999718
     656.3815210140093086       0.9584115035831928
     656.3817211474316764       1.0219649504870176
     656.3819212808539305       0.9991222693352029
     656.3821214142761846       1.0756427571177483
     656.3823215476984387       0.9935754528269172
     656.3825216811208065       0.9206099882721901
     656.3827218145430606       1.0225298423320055
     656.3829219479653148       0.9733171164989471
     656.3831220813875689       1.0197464451193810
     656.3833222148099367       0.9378623850643635
     656.3835223482321908       0.9476498402655125
     656.3837224816544449       1.0161899533122778
     656.3839226150766990       1.0620676651597023
     656.3841227484990668       0.9714156687259674
     656.3843228819213209       1.0067121461033821
     656.3845230153435750       1.0005864453851245
     656.3847231487658291       0.9792241100221872
     656.3849232821881969       0.9513534791767597
     656.3851234156104510       0.9918406559154391
     656.3853235490327052       0.9795038569718599
     656.3855236824549593       1.0155934663489461
     656.3857238158772134       1.0595646277070045
     656.3859239492995812       1.0283855292946100
     656.3861240827218353       1.0181796848773956
     656.3863242161440894       0.9576433300971985
     656.3865243495663435       0.9154183715581894
     656.3867244829887113       1.0136497365310788
     656.3869246164109654       1.0353134721517563
     656.3871247498332195       0.9721037950366735
     656.3873248832554737       0.9945467417128384
     656.3875250166778414       1.0118315434083343
     656.3877251501000956       0.9828257467597723
     656.3879252835223497       1.0576423406600952
     656.3881254169446038       1.0602199919521809
     656.3883255503669716       0.9603895768523216
     656.3885256837892257       1.0163070987910032
     656.3887258172114798       1.0673283860087395
     656.3889259506337339       0.9994149198755622
     656.3891260840561017       1.0231808479875326
     656.3893262174783558       0.9784652460366488
     656.3895263509006099       0.9948338218964636
     656.3897264843228641       1.0052667097188532
     656.3899266177452319       0.9433017000555992
     656.3901267511674860       1.0421912670135498
     656.3903268845897401       1.0497415326535702
     656.3905270180119942       0.9763582814484835
     656.3907271514343620       0.9545409865677357
     656.3909272848566161       1.0543360523879528
     656.3911274182788702       1.0557751543819904
     656.3913275517011243       0.8505796790122986
     656.3915276851233784       0.9742896221578121
     656.3917278185457462       1.0019319364801049
     656.3919279519680003       1.0711517855525017
     656.3921280853902545       1.1454502642154694
     656.3923282188125086       1.0690636336803436
     656.3925283522348764       0.9913857700303197
     656.3927284856571305       0.9963544786442071
     656.3929286190793846       0.9859566669911146
     656.3931287525016387       1.1290818005800247
     656.3933288859240065       1.0472838729619980
     656.3935290193462606       0.9432324953377247
     656.3937291527685147       0.9655269756913185
     656.3939292861907688       0.9750694595277309
     656.3941294196131366       1.0341740809381008
     656.3943295530353907       0.9695186931639910
     656.3945296864576449       1.0075087822042406
     656.3947298198798990       0.9926687465049326
     656.3949299533022668       0.9973679364193231
     656.3951300867245209       0.9704406410455704
     656.3953302201467750       0.9421335458755493
     656.3955303535690291       1.0041838944889605
     656.3957304869913969       1.0226445924490690
     656.3959306204136510       1.0449025444686413
     656.3961307538359051       1.0573877990245819
     656.3963308872581592       0.9830287378281355
     656.3965310206804133       0.9315230175852776
     656.3967311541027811       0.9531033374369144
     656.3969312875250353       1.1091031357645988
     656.3971314209472894       0.9737666565924883
     656.3973315543695435       0.9148916080594063
     656.3975316877919113       0.9852536628022790
     656.3977318212141654       0.9614999331533909
     656.3979319546364195       1.0201402269303799
     656.3981320880586736       0.9397303648293018
     656.3983322214810414       0.9443621858954430
     656.3985323549032955       1.0107408482581377
     656.3987324883255496       0.9730113800615072
     656.3989326217478038       0.9923748821020126
     656.3991327551701715       1.0279755145311356
     656.3993328885924257       0.9990112778032199
     656.3995330220146798       0.9110096171498299
     656.3997331554369339       0.9931842721998692
     656.3999332888593017       1.0654047057032585
     656.4001334222815558       0.9430543407797813
     656.4003335557038099       0.9674323908984661
     656.4005336891260640       0.9781818613409996
     656.4007338225484318       1.0702705681324005
     656.4009339559706859       1.0019613860640675
     656.4011340893929400       0.9591023847460747
     656.4013342228151942       1.0494685024023056
     656.4015343562375620       1.0170574430376291
     656.4017344896598161       1.0936996266245842
     656.4019346230820702       1.0417232960462570
     656.4021347565043243       0.9714334160089493
     656.4023348899265784       1.0346323437988758
     656.4025350233489462       1.0150794731453061
     656.4027351567712003       1.0309802331030369
     656.4029352901934544       1.0204388778656721
     656.4031354236157085       1.1484679430723190
     656.4033355570380763       0.9849571716040373
     656.4035356904603304       1.0011401661904529
     656.4037358238825846       1.0715925917029381
     656.4039359573048387       0.9531282074749470
     656.4041360907272065       0.9992076152702793
     656.4043362241494606       1.0301670860499144
     656.4045363575717147       1.0484962947666645
     656.4047364909939688       1.0912806242704391
     656.4049366244163366       0.9910389604046941
     656.4051367578385907       1.0537856519222260
     656.4053368912608448       1.0736111700534821
     656.4055370246830989       1.0159530248492956
     656.4057371581054667       0.9938021912239492
     656.4059372915277208       1.0082122636958957
     656.4061374249499750       1.0110741024836898
     656.4063375583722291       1.1362247169017792
     656.4065376917945969       1.0593326352536678
     656.4067378252168510       0.9839211013168097
     656.4069379586391051       0.9800147712230682
     656.4071380920613592       0.9879890987649560
     656.4073382254836133       0.9677436314523220
     656.4075383589059811       1.0342424549162388
     656.4077384923282352       0.9788046646863222
     656.4079386257504893       0.9518482424318790
     656.4081387591727434       0.9470396377146244
     656.4083388925951112       0.8540023714303970
     656.4085390260173654       0.9767120480537415
     656.4087391594396195       1.0146729052066803
     656.4089392928618736       0.9504101648926735
     656.4091394262842414       0.9262900948524475
     656.4093395597064955       0.9432643651962280
     656.4095396931287496       0.9927387596108019
     656.4097398265510037       0.9653021506965160
     656.4099399599733715       1.0195791367441416
     656.4101400933956256       0.9720263127237558
     656.4103402268178797       0.9955723988823593
     656.4105403602401339       0.9668911173939705
     656.4107404936625016       0.9745743777602911
     656.4109406270847558       1.0100294379517436
     656.4111407605070099       0.9913791036233306
     656.4113408939292640       1.0381889678537846
     656.4115410273516318       1.0341880880296230
     656.4117411607738859       1.0465687587857246
     656.4119412941961400       0.9868523823097348
     656.4121414276183941       1.0230750478804111
     656.4123415610407619       1.0034745063167065
     656.4125416944630160       1.0186021588742733
     656.4127418278852701       0.9515060968697071
     656.4129419613075243       1.0066300667822361
     656.4131420947297784       0.9616325423121452
     656.4133422281521462       0.9895076397806406
     656.4135423615744003       0.9672639295458794
     656.4137424949966544       1.0140472454950213
     656.4139426284189085       1.0050495164468884
     656.4141427618412763       0.9842238444834948
     656.4143428952635304       1.0388297997415066
     656.4145430286857845       0.9788251128047705
     656.4147431621080386       1.0311794579029083
     656.4149432955304064       1.0833292454481125
     656.4151434289526605       1.0251309163868427
     656.4153435623749147       1.0183781981468201
     656.4155436957971688       1.0255911927670240
     656.4157438292195366       1.0469650998711586
     656.4159439626417907       1.0470101796090603
     656.4161440960640448       1.0681556686758995
     656.4163442294862989       0.9541391171514988
     656.4165443629086667       0.9393909014761448
     656.4167444963309208       1.0193149317055941
     656.4169446297531749       0.9708150718361139
     656.4171447631754290       0.9069450870156288
     656.4173448965977968       0.9076120257377625
     656.4175450300200509       1.0152142746374011
     656.4177451634423051       1.0176265556365252
     656.4179452968645592       1.0112667586654425
     656.4181454302869270       0.9978733940515667
     656.4183455637091811       0.8849299624562263
     656.4185456971314352       0.9127049967646599
     656.4187458305536893       0.9879671335220337
     656.4189459639759434       1.0444231331348419
     656.4191460973983112       1.0176714621484280
     656.4193462308205653       1.0653252229094505
     656.4195463642428194       1.0524190627038479
     656.4197464976650735       1.0700724795460701
     656.4199466310874413       0.9240099042654037
     656.4201467645096955       1.0768689736723900
     656.4203468979319496       0.9760228544473648
     656.4205470313542037       0.9615177437663078
     656.4207471647765715       1.0074379281140864
     656.4209472981988256       0.9618674293160439
     656.4211474316210797       1.0130531983450055
     656.4213475650433338       0.9688637405633926
     656.4215476984657016       1.0170840602368116
     656.4217478318879557       1.1078525707125664
     656.4219479653102098       0.8906795233488083
     656.4221480987324640       0.9628549739718437
     656.4223482321548317       0.9345612376928329
     656.4225483655770859       0.9904994415119290
     656.4227484989993400       1.0459738969802856
     656.4229486324215941       1.0313148610293865
     656.4231487658439619       0.9462242051959038
     656.4233488992662160       0.9718900043517351
     656.4235490326884701       1.0084017943590879
     656.4237491661107242       0.9766902923583984
     656.4239492995329783       0.9092991128563881
     656.4241494329553461       1.0332028567790985
     656.4243495663776002       0.9964595611672848
     656.4245496997998544       1.0089066801592708
     656.4247498332221085       1.0487191192805767
     656.4249499666444763       1.0297673493623734
     656.4251501000667304       1.0254314281046391
     656.4253502334889845       1.0158269423991442
     656.4255503669112386       1.0187220890074968
     656.4257505003336064       1.0461717210710049
     656.4259506337558605       1.0252880137413740
     656.4261507671781146       1.0625152513384819
     656.4263509006003687       1.0092651201412082
     656.4265510340227365       0.9616263657808304
     656.4267511674449906       1.0500949695706367
     656.4269513008672448       1.0025062980130315
     656.4271514342894989       1.0639358386397362
     656.4273515677118667       0.8570911437273026
     656.4275517011341208       0.9872594671323895
     656.4277518345563749       0.9582332298159599
     656.4279519679786290       1.0005414402694441
     656.4281521014009968       0.9111617878079414
     656.4283522348232509       1.0532212741672993
     656.4285523682455050       0.9729440864175558
     656.4287525016677591       1.0090985046699643
     656.4289526350901269       0.9624943286180496
     656.4291527685123810       1.0255616549402475
     656.4293529019346352       1.0107809631153941
     656.4295530353568893       0.9613009542226791
     656.4297531687791434       0.9955827542580664
     656.4299533022015112       1.0071630515158176
     656.4301534356237653       1.0332017540931702
     656.4303535690460194       0.9380091354250908
     656.4305537024682735       1.1251536309719086
     656.4307538358906413       1.0364711098372936
     656.4309539693128954       0.9635564871132374
     656.4311541027351495       1.0553629398345947
     656.4313542361574036       1.0567810498178005
     656.4315543695797714       0.9836904406547546
     656.4317545030020256       0.9359601885080338
     656.4319546364242797       0.8967439532279968
     656.4321547698465338       0.9253177195787430
     656.4323549032689016       0.9632120616734028
     656.4325550366911557       1.0249428078532219
     656.4327551701134098       1.0056761251762509
     656.4329553035356639       1.0503017120063305
     656.4331554369580317       1.0437909811735153
     656.4333555703802858       1.0422075614333153
     656.4335557038025399       1.0729267373681068
     656.4337558372247940       0.9481548294425011
     656.4339559706471618       1.1466707289218903
     656.4341561040694160       0.9968134558293968
     656.4343562374916701       0.9465464949607849
     656.4345563709139242       1.0265115480870008
     656.4347565043361783       0.9723336454480886
     656.4349566377585461       0.9642526842653751
     656.4351567711808002       0.9829806219786406
     656.4353569046030543       1.0316067785024643
     656.4355570380253084       1.0766451731324196
     656.4357571714476762       0.9810335747897625
     656.4359573048699303       0.9652282930910587
     656.4361574382921845       1.0526271127164364
     656.4363575717144386       0.9712698571383953
     656.4365577051368064       1.0215776748955250
     656.4367578385590605       0.9713477883487940
     656.4369579719813146       0.9488500170409679
     656.4371581054035687       0.9870806317776442
     656.4373582388259365       1.0529300570487976
     656.4375583722481906       1.1024659201502800
     656.4377585056704447       0.9846685836091638
     656.4379586390926988       0.9575354941189289
     656.4381587725150666       0.9761259909719229
     656.4383589059373207       0.9578066840767860
     656.4385590393595749       0.9756463952362537
     656.4387591727818290       1.0187853965908289
     656.4389593062041968       0.9853971209377050
     656.4391594396264509       1.0573129244148731
     656.4393595730487050       0.9361847341060638
     656.4395597064709591       0.9993826507707126
     656.4397598398933269       0.9072741940617561
     656.4399599733155810       1.0220176409929991
     656.4401601067378351       0.9840409569442272
     656.4403602401600892       1.0415168888866901
     656.4405603735823433       1.0939859971404076
     656.4407605070047111       1.0791626796126366
     656.4409606404269653       1.0782769843935966
     656.4411607738492194       1.0014870231971145
     656.4413609072714735       0.9539817869663239
     656.4415610406938413       0.9713270831853151
     656.4417611741160954       0.9561908282339573
     656.4419613075383495       1.0279402732849121
     656.4421614409606036       1.0751813352108002
     656.4423615743829714       0.9646965004503727
     656.4425617078052255       0.9624586962163448
     656.4427618412274796       1.0349081158638000
     656.4429619746497337       1.0161095764487982
     656.4431621080721015       1.0152012100443244
     656.4433622414943557       1.0639621168375015
     656.4435623749166098       1.0882057771086693
     656.4437625083388639       1.0407969281077385
     656.4439626417612317       0.9306594207882881
     656.4441627751834858       0.9222383648157120
     656.4443629086057399       1.0584776103496552
     656.4445630420279940       0.9173198565840721
     656.4447631754503618       0.9645156599581242
     656.4449633088726159       1.0061268457211554
     656.4451634422948700       0.9457332119345665
     656.4453635757171241       1.0063193375244737
     656.4455637091393783       1.0645416900515556
     656.4457638425617461       1.0347601287066936
     656.4459639759840002       0.9942802083678544
     656.4461641094062543       0.9355981424450874
     656.4463642428285084       1.0227255336940289
     656.4465643762508762       0.9670136757194996
     656.4467645096731303       1.0080703049898148
     656.4469646430953844       1.0304671470075846
     656.4471647765176385       0.8864004239439964
     656.4473649099400063       1.0683220624923706
     656.4475650433622604       1.0448195897042751
     656.4477651767845146       0.9605208970606327
     656.4479653102067687       0.8969735503196716
     656.4481654436291365       0.9761449396610260
     656.4483655770513906       1.0279706511646509
     656.4485657104736447       1.0538496859371662
     656.4487658438958988       0.9419765956699848
     656.4489659773182666       0.9855704205110669
     656.4491661107405207       1.0469638705253601
     656.4493662441627748       0.9902738863602281
     656.4495663775850289       0.9657288379967213
     656.4497665110073967       1.1014062091708183
     656.4499666444296508       1.0814969167113304
     656.4501667778519050       1.0411196053028107
     656.4503669112741591       1.0717870816588402
     656.4505670446965269       1.0955212041735649
     656.4507671781187810       0.9731045179069042
     656.4509673115410351       1.0461405403912067
     656.4511674449632892       0.9606011025607586
     656.4513675783855433       0.9604127146303654
     656.4515677118079111       0.9751589987426996
     656.4517678452301652       1.0177012216299772
     656.4519679786524193       0.9348490163683891
     656.4521681120746734       0.9644333943724632
     656.4523682454970412       0.9804094303399324
     656.4525683789192954       1.0430930368602276
     656.4527685123415495       0.9711964484304190
     656.4529686457638036       0.9183029755949974
     656.4531687791861714       0.9673630930483341
     656.4533689126084255       0.9647695608437061
     656.4535690460306796       0.9752052500844002
     656.4537691794529337       0.9915099404752254
     656.4539693128753015       0.9744066558778286
     656.4541694462975556       1.0384064204990864
     656.4543695797198097       1.0272483713924885
     656.4545697131420638       0.9791228044778109
     656.4547698465644316       1.0456575974822044
     656.4549699799866858       0.9852252202108502
     656.4551701134089399       0.9834978971630335
     656.4553702468311940       1.0711273923516273
     656.4555703802535618       1.0547350719571114
     656.4557705136758159       1.0045048720203340
     656.4559706470980700       0.9421936161816120
     656.4561707805203241       0.9746933691203594
     656.4563709139425782       0.9213098287582397
     656.4565710473649460       0.9900260418653488
     656.4567711807872001       0.9592582732439041
     656.4569713142094542       1.0670849084854126
     656.4571714476317084       0.9563543274998665
     656.4573715810540762       1.0231244023889303
     656.4575717144763303       1.0646332055330276
     656.4577718478985844       1.0826041921973228
     656.4579719813208385       0.9686329700052738
     656.4581721147432063       0.8597306758165359
     656.4583722481654604       0.9585740715265274
     656.4585723815877145       1.0083619849756360
     656.4587725150099686       1.0546047091484070
     656.4589726484323364       0.9782224539667368
     656.4591727818545905       1.0238659903407097
     656.4593729152768447       0.9828390609472990
     656.4595730486990988       1.0266835428774357
     656.4597731821214666       0.9771933350712061
     656.4599733155437207       0.9548293463885784
     656.4601734489659748       0.9861744018271565
     656.4603735823882289       1.0455077178776264
     656.4605737158105967       1.0179619491100311
     656.4607738492328508       1.1000414267182350
     656.4609739826551049       1.0493651963770390
     656.4611741160773590       1.0030492281075567
     656.4613742494997268       0.9356750696897507
     656.4615743829219809       0.9470521807670593
     656.4617745163442351       1.0138413626700640
     656.4619746497664892       0.9956796453334391
     656.4621747831887433       1.0403336249291897
     656.4623749166111111       1.0370958410203457
     656.4625750500333652       0.9704488627612591
     656.4627751834556193       1.0022226280998439
     656.4629753168778734       0.9983124096179381
     656.4631754503002412       1.0500518977642059
     656.4633755837224953       0.9661442004144192
     656.4635757171447494       1.0365262478590012
     656.4637758505670035       1.0463500432670116
     656.4639759839893713       0.8954867795109749
     656.4641761174116255       1.0215225201100111
     656.4643762508338796       1.0486126840114594
     656.4645763842561337       0.9927049432881176
     656.4647765176785015       0.9632499627768993
     656.4649766511007556       1.0005398637731560
     656.4651767845230097       0.9526179321110249
     656.4653769179452638       1.0248673018068075
     656.4655770513676316       1.0293366219848394
     656.4657771847898857       0.9372790530323982
     656.4659773182121398       0.9758792053908110
     656.4661774516343939       1.1002394780516624
     656.4663775850567617       1.0685466080904007
     656.4665777184790159       1.0321480520069599
     656.4667778519012700       1.0900677219033241
     656.4669779853235241       1.0670420750975609
     656.4671781187458919       1.0462236776947975
     656.4673782521681460       0.9687501452863216
     656.4675783855904001       0.9575230330228806
     656.4677785190126542       1.0355130992829800
     656.4679786524349083       0.9735422488301992
     656.4681787858572761       1.0201384089887142
     656.4683789192795302       0.9842518512159586
     656.4685790527017843       1.0199042074382305
     656.4687791861240385       1.0040360409766436
     656.4689793195464063       1.0437508821487427
     656.4691794529686604       0.9546845406293869
     656.4693795863909145       0.9971438695210963
     656.4695797198131686       0.9342292770743370
     656.4697798532355364       1.1109462901949883
     656.4699799866577905       0.9997599193156930
     656.4701801200800446       0.9862407650798559
     656.4703802535022987       1.1949195265769958
     656.4705803869246665       0.9886990124359727
     656.4707805203469206       0.9855005173012614
     656.4709806537691748       1.0196352433413267
     656.4711807871914289       1.0355473905801773
     656.4713809206137967       1.0819942578673363
     656.4715810540360508       0.9751714207231998
     656.4717811874583049       0.9835640881210566
     656.4719813208805590       1.0129057122394443
     656.4721814543029268       1.0305359940975904
     656.4723815877251809       1.0899995565414429
     656.4725817211474350       0.9590252414345741
     656.4727818545696891       1.0445665158331394
     656.4729819879919432       0.9828436151146889
     656.4731821214143110       1.0173301156610250
     656.4733822548365652       1.0104113640263677
     656.4735823882588193       0.8994620218873024
     656.4737825216810734       1.0722053423523903
     656.4739826551034412       1.0709834173321724
     656.4741827885256953       0.9436040520668030
     656.4743829219479494       0.9318830743432045
     656.4745830553702035       0.9733244571834803
     656.4747831887925713       0.9617118872702122
     656.4749833222148254       0.9150146320462227
     656.4751834556370795       0.9441101960837841
     656.4753835890593336       1.0509987249970436
     656.4755837224817014       0.9744273740798235
     656.4757838559039556       1.0047601177357137
     656.4759839893262097       1.0441642813384533
     656.4761841227484638       1.0190100930631161
     656.4763842561708316       1.0121084600687027
     656.4765843895930857       0.9515934810042381
     656.4767845230153398       1.0056813387200236
     656.4769846564375939       1.0425619632005692
     656.4771847898599617       0.9715783465653658
     656.4773849232822158       1.0524463541805744
     656.4775850567044699       0.9369195699691772
     656.4777851901267240       0.9685463234782219
     656.4779853235490918       0.9814105033874512
     656.4781854569713460       1.0059515181928873
     656.4783855903936001       0.9800218660384417
     656.4785857238158542       1.0091097196564078
     656.4787858572381083       1.0086632613092661
     656.4789859906604761       0.9476590380072594
     656.4791861240827302       0.9845594242215157
     656.4793862575049843       1.0823376253247261
     656.4795863909272384       0.9915322475135326
     656.4797865243496062       1.0279540456831455
     656.4799866577718603       0.9408700652420521
     656.4801867911941144       1.0459492616355419
     656.4803869246163686       0.9680684357881546
     656.4805870580387364       0.9873467022553086
     656.4807871914609905       0.9597051106393337
     656.4809873248832446       0.9150798097252846
     656.4811874583054987       0.9261787757277489
     656.4813875917278665       0.9700688291341066
     656.4815877251501206       0.9533733986318111
     656.4817878585723747       0.9822032470256090
     656.4819879919946288       1.0215657334774733
     656.4821881254169966       0.9931641845032573
     656.4823882588392507       1.0013261266285554
     656.4825883922615049       0.9729887656867504
     656.4827885256837590       0.9266942515969276
     656.4829886591061268       1.0296659171581268
     656.4831887925283809       1.0993611738085747
     656.4833889259506350       1.0533939972519875
     656.4835890593728891       0.9842466656118631
     656.4837891927951432       0.9993998538702726
     656.4839893262175110       0.9880294250324368
     656.4841894596397651       0.9922737875021994
     656.4843895930620192       0.9579455405473709
     656.4845897264842733       0.9250640347599983
     656.4847898599066411       1.0343538671731949
     656.4849899933288953       0.9722530059516430
     656.4851901267511494       0.9521044939756393
     656.4853902601734035       1.0629856511950493
     656.4855903935957713       1.0762225389480591
     656.4857905270180254       0.9477825164794922
     656.4859906604402795       1.0157455559819937
     656.4861907938625336       1.0369385443627834
     656.4863909272849014       0.9302894547581673
     656.4865910607071555       0.9551365487277508
     656.4867911941294096       0.8977847471833229
     656.4869913275516637       1.0366950929164886
     656.4871914609740315       1.0526010282337666
     656.4873915943962857       0.9878635564818978
     656.4875917278185398       0.9756388701498508
     656.4877918612407939       0.9967878351453692
     656.4879919946631617       1.0012359375832602
     656.4881921280854158       0.9826861377805471
     656.4883922615076699       1.0249221883714199
     656.4885923949299240       0.9466347582638264
     656.4887925283522918       0.9240569546818733
     656.4889926617745459       0.9130920544266701
     656.4891927951968000       1.0171347316354513
     656.4893929286190541       1.0239083878695965
     656.4895930620413083       0.9500005617737770
     656.4897931954636761       0.9955239519476891
     656.4899933288859302       0.9916016981005669
     656.4901934623081843       1.0123962108045816
     656.4903935957304384       0.9886625520884991
     656.4905937291528062       0.9865766298025846
     656.4907938625750603       1.0138011667877436
     656.4909939959973144       0.9714668598026037
     656.4911941294195685       1.0795928388834000
     656.4913942628419363       0.9973447208758444
     656.4915943962641904       1.0173351094126701
     656.4917945296864445       0.9946143953129649
     656.4919946631086987       1.0301377829164267
     656.4921947965310665       1.0116725256666541
     656.4923949299533206       1.0389537662267685
     656.4925950633755747       1.0465363524854183
     656.4927951967978288       1.0731642693281174
     656.4929953302201966       1.0580528080463409
     656.4931954636424507       0.9858842017129064
     656.4933955970647048       1.0568989627063274
     656.4935957304869589       0.9343586266040802
     656.4937958639093267       0.9718043915927410
     656.4939959973315808       1.1034498736262321
     656.4941961307538350       1.0691183432936668
     656.4943962641760891       0.9490725621581078
     656.4945963975983432       1.0646514371037483
     656.4947965310207110       0.9695599395781755
     656.4949966644429651       0.9580171145498753
     656.4951967978652192       0.8829906657338142
     656.4953969312874733       0.9488467685878277
     656.4955970647098411       1.0003260952653363
     656.4957971981320952       0.9339898079633713
     656.4959973315543493       0.9486372396349907
     656.4961974649766034       1.0115780662745237
     656.4963975983989712       1.0424310564994812
     656.4965977318212254       0.9583000876009464
     656.4967978652434795       0.9465994834899902
     656.4969979986657336       1.0262089967727661
     656.4971981320881014       1.0080327121540904
     656.4973982655103555       1.0263610333204269
     656.4975983989326096       1.0225120279937983
     656.4977985323548637       0.9161143749952316
     656.4979986657772315       0.9973755732644349
     656.4981987991994856       0.9046422168612480
     656.4983989326217397       1.0263518448919058
     656.4985990660439938       1.0328576602041721
     656.4987991994663616       1.0884747877717018
     656.4989993328886158       1.0369903109967709
     656.4991994663108699       1.0006117825396359
     656.4993995997331240       1.0303222816437483
     656.4995997331554918       0.9939751978963614
     656.4997998665777459       1.0568539686501026
     656.5000000000000000       1.1173338517546654
