     656.2000000000000455       1.0097636943683028
     656.2002001334222996       1.0121732242405415
     656.2004002668445537       1.0492029488086700
     656.2006004002669215       1.0607657618820667
     656.2008005336891756       0.9657770432531834
     656.2010006671114297       0.9322910904884338
     656.2012008005336838       1.0524391047656536
     656.2014009339560516       1.0182269681245089
     656.2016010673783057       1.0159112568944693
     656.2018012008005599       0.9597628898918629
     656.2020013342228140       1.0721849426627159
     656.2022014676451818       0.9745248612016439
     656.2024016010674359       0.9979469862300903
     656.2026017344896900       0.9801128134131432
     656.2028018679119441       0.9684444703161716
     656.2030020013343119       0.9985250991303474
     656.2032021347565660       0.9122925102710724
     656.2034022681788201       1.0998671725392342
     656.2036024016010742       1.0214103050529957
     656.2038025350234420       0.9910369226709008
     656.2040026684456961       0.9846230298280716
     656.2042028018679503       1.0009020777652040
     656.2044029352902044       1.0500641241669655
     656.2046030687125722       1.0830573737621307
     656.2048032021348263       1.0929990634322166
     656.2050033355570804       0.9887175681069493
     656.2052034689793345       1.0473407395184040
     656.2054036024017023       1.0453570298850536
     656.2056037358239564       1.0336641184985638
     656.2058038692462105       1.1071334034204483
     656.2060040026684646       1.0080034574493766
     656.2062041360907187       0.9201069846749306
     656.2064042695130865       1.0398927107453346
     656.2066044029353407       0.9831716753542423
     656.2068045363575948       0.9235987886786461
     656.2070046697798489       1.0395119674503803
     656.2072048032022167       0.9858010569587350
     656.2074049366244708       1.0275730546563864
     656.2076050700467249       1.0208571702241898
     656.2078052034689790       1.0543928705155849
     656.2080053368913468       1.0836259052157402
     656.2082054703136009       0.9416933357715607
     656.2084056037358550       0.9690193142741919
     656.2086057371581092       0.9029780998826027
     656.2088058705804769       1.0282972361892462
     656.2090060040027311       0.9859707178547978
     656.2092061374249852       1.0893171206116676
     656.2094062708472393       1.0798755809664726
     656.2096064042696071       1.0467651560902596
     656.2098065376918612       1.0112247979268432
     656.2100066711141153       0.9928967007435858
     656.2102068045363694       0.9665948487818241
     656.2104069379587372       0.9703234788030386
     656.2106070713809913       1.0645704716444016
     656.2108072048032454       0.8892273753881454
     656.2110073382254996       1.0467663519084454
     656.2112074716477537       0.9759807065129280
     656.2114076050701215       1.0519525073468685
     656.2116077384923756       1.0859387218952179
     656.2118078719146297       1.0816821902990341
     656.2120080053368838       0.9976895707659423
     656.2122081387592516       0.9821996353566647
     656.2124082721815057       1.0354665778577328
     656.2126084056037598       0.9990644305944443
     656.2128085390260139       0.9731185734272003
     656.2130086724483817       1.0521412268280983
     656.2132088058706358       0.9602792896330357
     656.2134089392928900       0.9441861622035503
     656.2136090727151441       1.0210623722523451
     656.2138092061375119       1.0743398889899254
     656.2140093395597660       0.9862747620791197
     656.2142094729820201       0.9514864198863506
     656.2144096064042742       0.9411402456462383
     656.2146097398266420       0.9543178863823414
     656.2148098732488961       1.0034210574813187
     656.2150100066711502       1.0227482877671719
     656.2152101400934043       1.1086302548646927
     656.2154102735157721       0.9376342818140984
     656.2156104069380262       1.0738335028290749
     656.2158105403602804       1.0132456747815013
     656.2160106737825345       1.0380675159394741
     656.2162108072049023       1.0223123114556074
     656.2164109406271564       1.0451544225215912
     656.2166110740494105       0.9720070473849773
     656.2168112074716646       1.0767114385962486
     656.2170113408939187       1.0613328777253628
     656.2172114743162865       1.0408376790583134
     656.2174116077385406       0.9003587886691093
     656.2176117411607947       1.0151762906461954
     656.2178118745830488       1.0324506089091301
     656.2180120080054166       1.0518525801599026
     656.2182121414276708       1.0107339359819889
     656.2184122748499249       0.9662218168377876
     656.2186124082721790       0.9862295864149928
     656.2188125416945468       0.9861038401722908
     656.2190126751168009       0.9732820745557547
     656.2192128085390550       0.9422494098544121
     656.2194129419613091       0.9535944201052189
     656.2196130753836769       0.9339069798588753
     656.2198132088059310       1.0940020009875298
     656.2200133422281851       1.0128368558362126
     656.2202134756504392       1.0541151277720928
     656.2204136090728070       1.0236273258924484
     656.2206137424950612       1.0174351073801517
     656.2208138759173153       1.0617519579827785
     656.2210140093395694       1.0473625883460045
     656.2212141427619372       0.9752020277082920
     656.2214142761841913       0.9467942416667938
     656.2216144096064454       0.8964896798133850
     656.2218145430286995       1.0471069738268852
     656.2220146764509536       1.1149853616952896
     656.2222148098733214       0.9607365466654301
     656.2224149432955755       1.1071556359529495
     656.2226150767178297       1.0652251765131950
     656.2228152101400838       0.9591207839548588
     656.2230153435624516       1.0435907170176506
     656.2232154769847057       1.1090920493006706
     656.2234156104069598       1.0356912836432457
     656.2236157438292139       0.9375046826899052
     656.2238158772515817       0.9754063002765179
     656.2240160106738358       0.9635603018105030
     656.2242161440960899       1.0798128247261047
     656.2244162775183440       1.1212307810783386
     656.2246164109407118       1.0794814154505730
     656.2248165443629659       0.9681805707514286
     656.2250166777852201       1.1114480644464493
     656.2252168112074742       1.0265010893344879
     656.2254169446298420       0.9621743112802505
     656.2256170780520961       1.1408546715974808
     656.2258172114743502       0.9387039840221405
     656.2260173448966043       1.0009201603243127
     656.2262174783189721       1.0999784097075462
     656.2264176117412262       0.9432695731520653
     656.2266177451634803       1.0188133623450994
     656.2268178785857344       0.9989085887791589
     656.2270180120081022       1.0871525928378105
     656.2272181454303563       1.0119843995198607
     656.2274182788526105       1.0449064299464226
     656.2276184122748646       1.0704717785120010
     656.2278185456971187       1.0684857219457626
     656.2280186791194865       0.9382158741354942
     656.2282188125417406       1.0273388531059027
     656.2284189459639947       1.0668304413557053
     656.2286190793862488       0.9198931530117989
     656.2288192128086166       0.9478241689503193
     656.2290193462308707       0.9250652641057968
     656.2292194796531248       0.9356411024928093
     656.2294196130753789       0.9488702602684498
     656.2296197464977467       1.0237753577530384
     656.2298198799200009       0.9615978077054024
     656.2300200133422550       0.9795561823993921
     656.2302201467645091       1.0397325456142426
     656.2304202801868769       0.9694163613021374
     656.2306204136091310       1.0261880606412888
     656.2308205470313851       1.0050935391336679
     656.2310206804536392       1.0259577017277479
     656.2312208138760070       0.9982436215505004
     656.2314209472982611       1.0657007396221161
     656.2316210807205152       1.0087149729952216
     656.2318212141427693       0.9972573779523373
     656.2320213475651371       1.1344128698110580
     656.2322214809873913       1.0745661631226540
     656.2324216144096454       1.0145356282591820
     656.2326217478318995       1.1004981920123100
     656.2328218812541536       0.9976256818044931
     656.2330220146765214       0.9908591648563743
     656.2332221480987755       1.0541914068162441
     656.2334222815210296       0.9635320901870728
     656.2336224149432837       1.0357002727687359
     656.2338225483656515       1.0481907688081264
     656.2340226817879056       1.1228575631976128
     656.2342228152101598       0.9587013721466064
     656.2344229486324139       0.9815873112529516
     656.2346230820547817       1.0783916339278221
     656.2348232154770358       0.8882484808564186
     656.2350233488992899       1.0063223699107766
     656.2352234823215440       1.0343641638755798
     656.2354236157439118       1.0293940305709839
     656.2356237491661659       0.9972915255930275
     656.2358238825884200       0.9483566395938396
     656.2360240160106741       0.9607405848801136
     656.2362241494330419       0.9767570067197084
     656.2364242828552960       0.9235335364937782
     656.2366244162775502       0.9750849697738886
     656.2368245496998043       0.9433552958071232
     656.2370246831221721       1.0481683276593685
     656.2372248165444262       1.0769726559519768
     656.2374249499666803       0.9649461880326271
     656.2376250833889344       1.0689552947878838
     656.2378252168113022       0.9985502042109147
     656.2380253502335563       0.9054586887359619
     656.2382254836558104       0.9617578946053982
     656.2384256170780645       0.9924946031533182
     656.2386257505003186       0.9410112798213959
     656.2388258839226864       1.0115193789824843
     656.2390260173449406       1.0021464272867888
     656.2392261507671947       1.0810013264417648
     656.2394262841894488       0.9843859234824777
     656.2396264176118166       1.0021423210855573
     656.2398265510340707       1.0061871465295553
     656.2400266844563248       1.0076901577413082
     656.2402268178785789       1.0602934472262859
     656.2404269513009467       0.9611415117979050
     656.2406270847232008       0.9655886143445969
     656.2408272181454549       0.9551756717264652
     656.2410273515677090       0.9841055888682604
     656.2412274849900768       0.8885749652981758
     656.2414276184123310       1.0197133272886276
     656.2416277518345851       0.9206314161419868
     656.2418278852568392       1.0469802729785442
     656.2420280186792070       1.0492735132575035
     656.2422281521014611       0.9905892405658960
     656.2424282855237152       1.0158136337995529
     656.2426284189459693       1.0333180129528046
     656.2428285523683371       1.0215841885656118
     656.2430286857905912       1.0653853267431259
     656.2432288192128453       0.9649749845266342
     656.2434289526350994       1.0494813881814480
     656.2436290860574672       0.9975443552248180
     656.2438292194797214       0.9833622612059116
     656.2440293529019755       1.0341793112456799
     656.2442294863242296       1.0653488561511040
     656.2444296197464837       0.9366132915019989
     656.2446297531688515       0.9787351917475462
     656.2448298865911056       0.9831262659281492
     656.2450300200133597       0.9695457089692354
     656.2452301534356138       1.0192277319729328
     656.2454302868579816       0.9793606847524643
     656.2456304202802357       0.9739045314490795
     656.2458305537024899       1.0481378175318241
     656.2460306871247440       1.0831374451518059
     656.2462308205471118       1.0111832870170474
     656.2464309539693659       1.0683958604931831
     656.2466310873916200       1.0059910914860666
     656.2468312208138741       1.0134632140398026
     656.2470313542362419       1.0357204787433147
     656.2472314876584960       0.9453908130526543
     656.2474316210807501       0.9916024105623364
     656.2476317545030042       0.9491779506206512
     656.2478318879253720       1.0735441744327545
     656.2480320213476261       1.0120048178359866
     656.2482321547698803       0.9799607228487730
     656.2484322881921344       0.9623784013092518
     656.2486324216145022       1.0366637594997883
     656.2488325550367563       0.9839836880564690
     656.2490326884590104       0.9709599856287241
     656.2492328218812645       1.0112160854041576
     656.2494329553035186       0.9906776351854205
     656.2496330887258864       1.0196395628154278
     656.2498332221481405       0.9818670172244310
     656.2500333555703946       0.9215788394212723
     656.2502334889926487       0.9906587852165103
     656.2504336224150165       0.9913715180009604
     656.2506337558372707       0.9693745672702789
     656.2508338892595248       0.9848014321178198
     656.2510340226817789       0.9406259581446648
     656.2512341561041467       0.9781391788274050
     656.2514342895264008       1.0036487651523203
     656.2516344229486549       1.0123370951041579
     656.2518345563709090       1.0162632260471582
     656.2520346897932768       1.0180259533226490
     656.2522348232155309       1.0539231598377228
     656.2524349566377850       0.9537051953375340
     656.2526350900600391       1.0032225258182734
     656.2528352234824069       1.0358225218951702
     656.2530353569046611       0.9358386546373367
     656.2532354903269152       1.0588125549256802
     656.2534356237491693       1.0045211073011160
     656.2536357571715371       0.9480659998953342
     656.2538358905937912       0.9823918920010328
     656.2540360240160453       1.0368088670074940
     656.2542361574382994       1.0399317704141140
     656.2544362908606672       1.0696370378136635
     656.2546364242829213       1.0139699159190059
     656.2548365577051754       0.9994981319177896
     656.2550366911274295       1.0096023110672832
     656.2552368245496837       0.9627229683101177
     656.2554369579720515       0.9596727266907692
     656.2556370913943056       0.9220950454473495
     656.2558372248165597       0.9598323963582516
     656.2560373582388138       0.9804943148046732
     656.2562374916611816       0.9980043971445411
     656.2564376250834357       0.9735450204461813
     656.2566377585056898       0.9628663063049316
     656.2568378919279439       0.9890922354534268
     656.2570380253503117       1.0100920526310802
     656.2572381587725658       1.0382407866418362
     656.2574382921948200       0.9769424237310886
     656.2576384256170741       1.0191890597343445
     656.2578385590394419       0.9726057294756174
     656.2580386924616960       1.0421513393521309
     656.2582388258839501       1.0152494302019477
     656.2584389593062042       1.0353625528514385
     656.2586390927285720       0.9636963233351707
     656.2588392261508261       1.0410908833146095
     656.2590393595730802       1.0089837899431586
     656.2592394929953343       1.0882826671004295
     656.2594396264177021       1.0566415302455425
     656.2596397598399562       1.0775135010480881
     656.2598398932622104       1.0134844509884715
     656.2600400266844645       0.9880726281553507
     656.2602401601067186       1.0816318392753601
     656.2604402935290864       0.9294753223657608
     656.2606404269513405       0.9739039987325668
     656.2608405603735946       0.9713495168834925
     656.2610406937958487       1.0006898517603986
     656.2612408272182165       0.9308682531118393
     656.2614409606404706       0.9506690911948681
     656.2616410940627247       1.0196882169693708
     656.2618412274849788       1.0531775914132595
     656.2620413609073466       0.9055472612380981
     656.2622414943296008       1.0782871767878532
     656.2624416277518549       0.9913167189806700
     656.2626417611741090       0.9341270774602890
     656.2628418945964768       1.0852871760725975
     656.2630420280187309       0.9577241726219654
     656.2632421614409850       1.0328280627727509
     656.2634422948632391       0.9811059664934874
     656.2636424282856069       0.9303217977285385
     656.2638425617078610       1.0421930849552155
     656.2640426951301151       1.0013610132737085
     656.2642428285523692       1.0191514678299427
     656.2644429619747370       1.0786185786128044
     656.2646430953969912       1.0076267309486866
     656.2648432288192453       0.9212937504053116
     656.2650433622414994       0.9678174704313278
     656.2652434956638672       1.0049599637277424
     656.2654436290861213       1.0230741146951914
     656.2656437625083754       0.9510189481079578
     656.2658438959306295       0.9471671581268311
     656.2660440293528836       0.9734574463218451
     656.2662441627752514       0.9778324980288744
     656.2664442961975055       1.0634622499346733
     656.2666444296197596       1.0813944265246391
     656.2668445630420138       0.9855469847097993
     656.2670446964643816       0.9547965414822102
     656.2672448298866357       1.0488571822643280
     656.2674449633088898       0.9730534553527832
     656.2676450967311439       0.9529964476823807
     656.2678452301535117       0.9730314929038286
     656.2680453635757658       1.0634684041142464
     656.2682454969980199       0.9907507644966245
     656.2684456304202740       1.0240039136260748
     656.2686457638426418       0.9730446599423885
     656.2688458972648959       1.0271985288709402
     656.2690460306871501       0.9043682515621185
     656.2692461641094042       1.0166182089596987
     656.2694462975317720       1.1128970161080360
     656.2696464309540261       0.9837020039558411
     656.2698465643762802       0.9901035893708467
     656.2700466977985343       0.9751298706978559
     656.2702468312209021       0.9764427021145821
     656.2704469646431562       1.0281165391206741
     656.2706470980654103       1.0141478134319186
     656.2708472314876644       0.9955528853461146
     656.2710473649099185       1.0083267297595739
     656.2712474983322863       1.0470799468457699
     656.2714476317545405       0.9614176414906979
     656.2716477651767946       1.0268685054033995
     656.2718478985990487       1.0235751587897539
     656.2720480320214165       0.9840009845793247
     656.2722481654436706       1.0114026935771108
     656.2724482988659247       0.9845523564144969
     656.2726484322881788       1.0392724834382534
     656.2728485657105466       0.9866783376783133
     656.2730486991328007       1.0333053804934025
     656.2732488325550548       0.9615912698209286
     656.2734489659773089       0.9776177424937487
     656.2736490993996767       1.0035578345414251
     656.2738492328219309       1.0504157952964306
     656.2740493662441850       0.8785965666174889
     656.2742494996664391       1.0170547924935818
     656.2744496330888069       1.0771700218319893
     656.2746497665110610       1.0046528512611985
     656.2748498999333151       1.0267521534115076
     656.2750500333555692       1.0328138880431652
     656.2752501667779370       0.9917266042903066
     656.2754503002001911       0.9585172310471535
     656.2756504336224452       0.9885708913207054
     656.2758505670446993       0.9976105859968811
     656.2760507004670671       0.9983322347979993
     656.2762508338893213       0.9738323707133532
     656.2764509673115754       0.9254370406270027
     656.2766511007338295       1.1389717012643814
     656.2768512341560836       1.0123204756528139
     656.2770513675784514       1.0076407864689827
     656.2772515010007055       1.0453946217894554
     656.2774516344229596       1.1022779121994972
     656.2776517678452137       0.9798387829214334
     656.2778519012675815       0.9645946435630322
     656.2780520346898356       0.9664795771241188
     656.2782521681120897       0.9728111419826746
     656.2784523015343439       1.0616943426430225
     656.2786524349567117       1.0447024255990982
     656.2788525683789658       1.0252323336899281
     656.2790527018012199       1.0421740114688873
     656.2792528352234740       0.8895137161016464
     656.2794529686458418       1.0584308281540871
     656.2796531020680959       0.9267978891730309
     656.2798532354903500       1.0392074845731258
     656.2800533689126041       0.9260766357183456
     656.2802535023349719       0.8942515477538109
     656.2804536357572260       1.0613845884799957
     656.2806537691794802       0.9292602688074112
     656.2808539026017343       0.9662115797400475
     656.2810540360241021       0.9501081146299839
     656.2812541694463562       1.0038711924571544
     656.2814543028686103       0.9285012334585190
     656.2816544362908644       0.9597428999841213
     656.2818545697131185       0.9294680804014206
     656.2820547031354863       1.0362540669739246
     656.2822548365577404       0.9212157204747200
     656.2824549699799945       0.9982119218911976
     656.2826551034022486       1.0621959567070007
     656.2828552368246164       1.0143331959843636
     656.2830553702468706       0.9938969775103033
     656.2832555036691247       0.9335625469684601
     656.2834556370913788       1.0015838850522414
     656.2836557705137466       0.9635766819119453
     656.2838559039360007       1.1266966909170151
     656.2840560373582548       0.9830612372606993
     656.2842561707805089       1.0232496671378613
     656.2844563042028767       1.0362570472061634
     656.2846564376251308       1.0432516746222973
     656.2848565710473849       1.0401603169739246
     656.2850567044696390       0.9787870291620493
     656.2852568378920068       0.9990496286773123
     656.2854569713142610       0.9372815340757370
     656.2856571047365151       1.0164516102522612
     656.2858572381587692       1.1254725307226181
     656.2860573715811370       0.9815151207149029
     656.2862575050033911       1.0377806834876537
     656.2864576384256452       0.9264330342411995
     656.2866577718478993       0.9896839046850801
     656.2868579052702671       1.0808085277676582
     656.2870580386925212       0.9598357193171978
     656.2872581721147753       1.0000115674911285
     656.2874583055370294       0.9543764628469944
     656.2876584389592836       1.0654217749834061
     656.2878585723816514       1.0197391379624605
     656.2880587058039055       0.9775104969739914
     656.2882588392261596       0.9216306358575821
     656.2884589726484137       1.0402350910007954
     656.2886591060707815       1.0164204556494951
     656.2888592394930356       1.0287117939442396
     656.2890593729152897       0.9657783955335617
     656.2892595063375438       1.0375974215567112
     656.2894596397599116       1.0778655707836151
     656.2896597731821657       0.9190035536885262
     656.2898599066044198       0.9860169896855950
     656.2900600400266740       0.9576755501329899
     656.2902601734490418       0.9265669584274292
     656.2904603068712959       1.0132052032276988
     656.2906604402935500       1.0044958586804569
     656.2908605737158041       1.0810293108224869
     656.2910607071381719       0.9717350546270609
     656.2912608405604260       1.0219367910176516
     656.2914609739826801       1.1194872036576271
     656.2916611074049342       0.9920810991898179
     656.2918612408273020       1.0562771633267403
     656.2920613742495561       1.0100694475695491
     656.2922615076718103       1.0130652235820889
     656.2924616410940644       1.0162324123084545
     656.2926617745164322       0.9902252638712525
     656.2928619079386863       0.9558644108474255
     656.2930620413609404       1.0474250465631485
     656.2932621747831945       0.9608991667628288
     656.2934623082054486       0.9163993373513222
     656.2936624416278164       1.0556794218719006
     656.2938625750500705       1.0179061330854893
     656.2940627084723246       0.9336171597242355
     656.2942628418945787       1.1212814673781395
     656.2944629753169465       0.9629353433847427
     656.2946631087392007       1.0693205669522285
     656.2948632421614548       1.0059918100014329
     656.2950633755837089       0.9836700316518545
     656.2952635090060767       1.0285174455493689
     656.2954636424283308       0.9689987562596798
     656.2956637758505849       1.0185809116810560
     656.2958639092728390       1.0279500614851713
     656.2960640426952068       1.0233927182853222
     656.2962641761174609       1.0443350933492184
     656.2964643095397150       0.9722701553255320
     656.2966644429619691       0.9771963357925415
     656.2968645763843369       1.0405183248221874
     656.2970647098065911       1.0119340186938643
     656.2972648432288452       1.1349631994962692
     656.2974649766510993       1.0767572447657585
     656.2976651100734671       0.9871981441974640
     656.2978652434957212       1.0453071035444736
     656.2980653769179753       0.9587081409990788
     656.2982655103402294       0.8901005238294601
     656.2984656437624835       0.9512429684400558
     656.2986657771848513       1.0191856976598501
     656.2988659106071054       1.0260680709034204
     656.2990660440293595       1.0237769316881895
     656.2992661774516137       0.9660268388688564
     656.2994663108739815       0.9530104584991932
     656.2996664442962356       1.0229402557015419
     656.2998665777184897       1.0456125102937222
     656.3000667111407438       1.0846371501684189
     656.3002668445631116       0.9950186335481703
     656.3004669779853657       0.8914154767990112
     656.3006671114076198       1.0876209959387779
     656.3008672448298739       0.9536257274448872
     656.3010673782522417       0.9425827451050282
     656.3012675116744958       1.0256424937397242
     656.3014676450967499       1.0092105241492391
     656.3016677785190041       1.0275292601436377
     656.3018679119413719       0.9356569722294807
     656.3020680453636260       0.9856908963993192
     656.3022681787858801       1.1236827895045280
     656.3024683122081342       1.0289958547800779
     656.3026684456305020       1.0050099827349186
     656.3028685790527561       1.0077034011483192
     656.3030687124750102       1.0152703914791346
     656.3032688458972643       0.9765271246433258
     656.3034689793196321       0.9582547135651112
     656.3036691127418862       1.0622677505016327
     656.3038692461641403       0.9869650378823280
     656.3040693795863945       1.0752853155136108
     656.3042695130086486       0.9613971076905727
     656.3044696464310164       0.9511807151138781
     656.3046697798532705       1.0276692397892475
     656.3048699132755246       1.0648815557360649
     656.3050700466977787       0.9392763711512087
     656.3052701801201465       0.9269688203930851
     656.3054703135424006       0.9591248668730255
     656.3056704469646547       1.0129670277237885
     656.3058705803869088       1.0304019432514897
     656.3060707138092766       0.9923517294228061
     656.3062708472315308       0.9597730748355365
     656.3064709806537849       0.9668051041662657
     656.3066711140760390       0.9404150433838315
     656.3068712474984068       0.9416091963648718
     656.3070713809206609       1.0473079979419593
     656.3072715143429150       1.0624578557908366
     656.3074716477651691       0.9942149990238001
     656.3076717811875369       0.9482944607734315
     656.3078719146097910       0.9814366344361962
     656.3080720480320451       0.9910360500215702
     656.3082721814542992       1.0589084737001710
     656.3084723148766670       1.0002021741673324
     656.3086724482989212       1.0141742918637973
     656.3088725817211753       1.0026902013920496
     656.3090727151434294       0.9518524147565113
     656.3092728485656835       1.0306123923503085
     656.3094729819880513       1.1183845773328893
     656.3096731154103054       1.0393619798108968
     656.3098732488325595       0.9929565130711707
     656.3100733822548136       1.0147395795180914
     656.3102735156771814       0.9808040056334593
     656.3104736490994355       0.9194790795384378
     656.3106737825216896       0.9862895654428043
     656.3108739159439438       1.0627065524336978
     656.3110740493663116       0.9095254540271818
     656.3112741827885657       0.9997945429981948
     656.3114743162108198       0.9496633745392447
     656.3116744496330739       0.9545357860153300
     656.3118745830554417       1.0013749991119347
     656.3120747164776958       1.0078174349869811
     656.3122748498999499       0.9904691845774657
     656.3124749833222040       1.0101243684179035
     656.3126751167445718       1.0002651351589771
     656.3128752501668259       1.0038059760283642
     656.3130753835890800       0.9585754270754917
     656.3132755170113342       0.9477846914236139
     656.3134756504337020       1.0676445281903271
     656.3136757838559561       1.0122335150373361
     656.3138759172782102       0.9151386230264011
     656.3140760507004643       1.0088043778174156
     656.3142761841228321       0.9017722056110371
     656.3144763175450862       0.9763289352863105
     656.3146764509673403       0.9970001616479132
     656.3148765843895944       1.0769054819001584
     656.3150767178118485       1.0063768316425548
     656.3152768512342163       0.9944898643808266
     656.3154769846564704       0.9560650083437808
     656.3156771180787246       1.0650741159692734
     656.3158772515009787       0.9561110252094313
     656.3160773849233465       1.0558541024970358
     656.3162775183456006       1.0070018833164327
     656.3164776517678547       1.0205401619283485
     656.3166777851901088       0.9566044920237349
     656.3168779186124766       1.0511042573268456
     656.3170780520347307       0.9208220877607908
     656.3172781854569848       0.9461226300378753
     656.3174783188792389       0.9581557089564977
     656.3176784523016067       0.9947893237665243
     656.3178785857238609       0.9781121921163654
     656.3180787191461150       1.0602909668041789
     656.3182788525683691       0.9728867495999567
     656.3184789859907369       1.0151454478487332
     656.3186791194129910       1.0129246347737197
     656.3188792528352451       1.0473198812320417
     656.3190793862574992       0.9462386755982087
     656.3192795196798670       0.9337536776427207
     656.3194796531021211       0.9964478636582299
     656.3196797865243752       0.9192583445983312
     656.3198799199466293       0.9859028255902554
     656.3200800533688835       0.9579853625345828
     656.3202801867912513       1.0123599023553962
     656.3204803202135054       0.9510312802514874
     656.3206804536357595       0.9187153438531740
     656.3208805870580136       0.9554542960111836
     656.3210807204803814       1.0498317781624902
     656.3212808539026355       1.0555547768580771
     656.3214809873248896       1.0018015259614215
     656.3216811207471437       1.0550982677569141
     656.3218812541695115       1.0212749467432571
     656.3220813875917656       0.9826804806986200
     656.3222815210140197       0.9668900658492333
     656.3224816544362739       1.0251327958348102
     656.3226817878586417       1.0858445457894361
     656.3228819212808958       1.0687420065462179
     656.3230820547031499       1.0179586463957304
     656.3232821881254040       0.9089823546211134
     656.3234823215477718       0.9527925261162766
     656.3236824549700259       1.0261221564147660
     656.3238825883922800       0.9767835318179462
     656.3240827218145341       0.9825688268636840
     656.3242828552369019       1.0799371632047361
     656.3244829886591560       0.9917014216460983
     656.3246831220814101       0.9889309132592516
     656.3248832555036643       1.0554012665200916
     656.3250833889260321       1.0002071102059937
     656.3252835223482862       1.0616891590801649
     656.3254836557705403       0.9496900856742337
     656.3256837891927944       0.9105139369104298
     656.3258839226150485       0.9924267480972659
     656.3260840560374163       0.9489256099362653
     656.3262841894596704       0.9547797059902534
     656.3264843228819245       0.9138529311132174
     656.3266844563041786       0.9588654482742774
     656.3268845897265464       1.0117519112273197
     656.3270847231488005       0.9956033155234231
     656.3272848565710547       1.0380257342866397
     656.3274849899933088       1.0092324298820023
     656.3276851234156766       1.0290742803903432
     656.3278852568379307       0.9693047339582461
     656.3280853902601848       0.9879400557530857
     656.3282855236824389       1.0081737618164439
     656.3284856571048067       1.0137202278085229
     656.3286857905270608       0.9662500954585566
     656.3288859239493149       0.9918382564624411
     656.3290860573715690       0.9848373800320077
     656.3292861907939368       1.0129681344821311
     656.3294863242161910       0.9654028005519250
     656.3296864576384451       0.9288449976039882
     656.3298865910606992       0.9987934165004464
     656.3300867244830670       1.0062625877175453
     656.3302868579053211       0.9238783030987628
     656.3304869913275752       1.0518196019368731
     656.3306871247498293       1.0568778979566034
     656.3308872581721971       0.9976025131797990
     656.3310873915944512       0.9595418268006026
     656.3312875250167053       1.0578934675238931
     656.3314876584389594       0.9334829140672577
     656.3316877918612136       0.9850522236524116
     656.3318879252835814       0.9238122145927438
     656.3320880587058355       0.9506530552963914
     656.3322881921280896       0.9412731002183437
     656.3324883255503437       0.9263076869772406
     656.3326884589727115       1.0310113495109197
     656.3328885923949656       0.9747968708351460
     656.3330887258172197       1.0238066992006896
     656.3332888592394738       0.9365028625686227
     656.3334889926618416       0.9371492149694090
     656.3336891260840957       0.9025231430087256
     656.3338892595063498       0.8036459885838907
     656.3340893929286040       0.9004275759169093
     656.3342895263509718       0.7894019881327200
     656.3344896597732259       0.8749604550841077
     656.3346897931954800       0.9092266186601458
     656.3348899266177341       0.8828490362025679
     656.3350900600401019       0.7727433146490394
     656.3352901934623560       0.8639305616940954
     656.3354903268846101       0.8259153379895978
     656.3356904603068642       0.8339173090906670
     656.3358905937292320       0.8499474346880306
     656.3360907271514861       0.8558547222385128
     656.3362908605737402       0.7898833727435554
     656.3364909939959944       0.7870924437597371
     656.3366911274182485       0.8382156712308134
     656.3368912608406163       0.8318305767911135
     656.3370913942628704       0.7283158113595858
     656.3372915276851245       0.8041735459085847
     656.3374916611073786       0.7892540006275798
     656.3376917945297464       0.7855432336120711
     656.3378919279520005       0.8190944704755303
     656.3380920613742546       0.7270525484303296
     656.3382921947965087       0.7871976027913117
     656.3384923282188765       0.7586887270616711
     656.3386924616411306       0.8956997039510588
     656.3388925950633848       0.8540774583168518
     656.3390927284856389       0.8084468240060304
     656.3392928619080067       0.8302787252196605
     656.3394929953302608       0.8137878188053445
     656.3396931287525149       0.8794755819424993
     656.3398932621747690       0.7549930456401485
     656.3400933955971368       0.7910087302722260
     656.3402935290193909       0.7754371095761583
     656.3404936624416450       0.8315149627468433
     656.3406937958638991       0.7905124820598799
     656.3408939292862669       0.8487317641164629
     656.3410940627085211       0.8787929097544969
     656.3412941961307752       0.7722140469650042
     656.3414943295530293       0.7979645283859040
     656.3416944629753971       0.8537205784663908
     656.3418945963976512       0.9011494467653010
     656.3420947298199053       0.8546307351005529
     656.3422948632421594       0.9234963768490638
     656.3424949966644135       0.8601979093745129
     656.3426951300867813       0.7631323717680629
     656.3428952635090354       0.9454895710550660
     656.3430953969312895       0.9498365101700348
     656.3432955303535437       0.9314924431513057
     656.3434956637759115       0.9498909180691757
     656.3436957971981656       0.9473378140741723
     656.3438959306204197       0.9132858479833839
     656.3440960640426738       0.9386872470361731
     656.3442961974650416       0.9858726518278744
     656.3444963308872957       0.8679059143516731
     656.3446964643095498       0.9106428998622600
     656.3448965977318039       0.9247363033740656
     656.3450967311541717       1.0069028160828450
     656.3452968645764258       0.9564118007380199
     656.3454969979986799       0.9934984623363857
     656.3456971314209341       0.9292980735138233
     656.3458972648433019       1.0114787916997487
     656.3460973982655560       0.9342209616685773
     656.3462975316878101       1.0216600667317994
     656.3464976651100642       0.9157337648701374
     656.3466977985324320       0.9543746040263047
     656.3468979319546861       1.0294848352078454
     656.3470980653769402       0.9599901005295199
     656.3472981987991943       1.0338169352874376
     656.3474983322214484       1.0952161552203628
     656.3476984656438162       0.9843619947741888
     656.3478985990660703       1.1418071103133314
     656.3480987324883245       0.9855950853813084
     656.3482988659105786       0.9384346027017202
     656.3484989993329464       1.0288550779996271
     656.3486991327552005       0.9891725322026524
     656.3488992661774546       1.0020893601795438
     656.3490993995997087       0.9655516435289325
     656.3492995330220765       1.0423438371015581
     656.3494996664443306       1.0235722952594206
     656.3496997998665847       1.0504454984601255
     656.3498999332888388       1.0266605011298511
     656.3501000667112066       1.0695733534368055
     656.3503002001334607       1.1186946418734238
     656.3505003335557149       1.0377581601380923
     656.3507004669779690       0.9678812897478706
     656.3509006004003368       1.0261428817187688
     656.3511007338225909       1.0082240533911699
     656.3513008672448450       0.9544072465595088
     656.3515010006670991       0.9892812082755326
     656.3517011340894669       1.0416157498853147
     656.3519012675117210       1.0243100047290532
     656.3521014009339751       0.9625043667693337
     656.3523015343562292       1.0013795585999685
     656.3525016677785970       0.9536051595011139
     656.3527018012008512       1.0380020051291048
     656.3529019346231053       1.0705283881904437
     656.3531020680453594       1.0094499198947062
     656.3533022014676135       1.0767045353593789
     656.3535023348899813       1.1086913663423936
     656.3537024683122354       0.9427452377212158
     656.3539026017344895       0.9329789287488445
     656.3541027351567436       1.0500843625285747
     656.3543028685791114       0.9436440848844186
     656.3545030020013655       1.0167693235145252
     656.3547031354236196       0.9765557394718544
     656.3549032688458738       1.0220079347406799
     656.3551034022682416       1.0504171936716067
     656.3553035356904957       0.9021886022196142
     656.3555036691127498       1.0406512317214407
     656.3557038025350039       0.9804925498699845
     656.3559039359573717       0.9222122940296357
     656.3561040693796258       1.0650901632917993
     656.3563042028018799       1.0528096297448177
     656.3565043362241340       1.0428381635323674
     656.3567044696465018       1.0242545683522031
     656.3569046030687559       1.0505153121841131
     656.3571047364910100       0.9434489822527761
     656.3573048699132642       0.9534720110002961
     656.3575050033356320       1.0532984231714388
     656.3577051367578861       1.0286840679405400
     656.3579052701801402       1.0673330738713021
     656.3581054036023943       1.0005119058989695
     656.3583055370246484       1.0291769900474055
     656.3585056704470162       1.0125787817921783
     656.3587058038692703       0.9926777889179124
     656.3589059372915244       1.0049888993182130
     656.3591060707137785       0.9376881703931643
     656.3593062041361463       0.9382193582415235
     656.3595063375584004       0.9436626851067709
     656.3597064709806546       1.0593827523268042
     656.3599066044029087       1.0458755974962184
     656.3601067378252765       0.8770286325043717
     656.3603068712475306       1.0626032183683134
     656.3605070046697847       0.9348277709588834
     656.3607071380920388       1.0294221627016538
     656.3609072715144066       1.0807566110294267
     656.3611074049366607       0.9970435724118464
     656.3613075383589148       0.9906259800948712
     656.3615076717811689       1.1475012054107503
     656.3617078052035367       0.9836123492893555
     656.3619079386257908       0.9491503108883252
     656.3621080720480450       0.9759812146298271
     656.3623082054702991       1.0807257711205986
     656.3625083388926669       0.9733007248292530
     656.3627084723149210       1.0378314351786990
     656.3629086057371751       1.0132898666755323
     656.3631087391594292       0.9333688235231097
     656.3633088725817970       1.0452458218604734
     656.3635090060040511       1.0030970910875026
     656.3637091394263052       1.0494305599700056
     656.3639092728485593       0.9816351567640420
     656.3641094062708135       0.9256662575542745
     656.3643095396931813       1.0001817447892292
     656.3645096731154354       0.9951617493261238
     656.3647098065376895       1.0015433424156988
     656.3649099399599436       0.9674062765636591
     656.3651100733823114       1.0010631344855754
     656.3653102068045655       1.0006446971419667
     656.3655103402268196       1.0290380008337165
     656.3657104736490737       1.0081745702644318
     656.3659106070714415       0.9503610171286198
     656.3661107404936956       0.9746730774576360
     656.3663108739159497       0.9717759881122982
     656.3665110073382039       1.0334849469331588
     656.3667111407605717       0.9800240658201098
     656.3669112741828258       1.1058106422408542
     656.3671114076050799       1.0789267346251916
     656.3673115410273340       0.9562876969568208
     656.3675116744497018       0.9940413548605772
     656.3677118078719559       0.9484545998271584
     656.3679119412942100       0.9263392165300675
     656.3681120747164641       0.9885122105477478
     656.3683122081388319       0.9126299917696694
     656.3685123415610860       1.0230492632835273
     656.3687124749833401       0.9368602186440852
     656.3689126084055943       0.9688897449522822
     656.3691127418278484       1.0831802114844056
     656.3693128752502162       1.0503971949219524
     656.3695130086724703       0.8988906219601509
     656.3697131420947244       1.0388729758560575
     656.3699132755169785       0.8959389403462354
     656.3701134089393463       1.0438474267721138
     656.3703135423616004       0.9917981438338731
     656.3705136757838545       0.9309537857770903
     656.3707138092061086       1.0446827821433533
     656.3709139426284764       1.0545146465301505
     656.3711140760507305       0.9734162539243694
     656.3713142094729847       1.0589185021817680
     656.3715143428952388       0.9467955827713010
     656.3717144763176066       0.9343299940228461
     656.3719146097398607       0.9766995590180158
     656.3721147431621148       1.0352521948516369
     656.3723148765843689       0.9887070367112756
     656.3725150100067367       1.0326255373656750
     656.3727151434289908       0.9561937823891640
     656.3729152768512449       0.8995295837521553
     656.3731154102734990       1.0779175609350204
     656.3733155436958668       0.9510765746235847
     656.3735156771181209       0.9882464008405805
     656.3737158105403751       1.0474607981741428
     656.3739159439626292       1.0399164818227291
     656.3741160773849970       1.0125570213422179
     656.3743162108072511       1.0974344834685326
     656.3745163442295052       0.9420113973319530
     656.3747164776517593       0.9893872868269682
     656.3749166110740134       0.9814192894846201
     656.3751167444963812       0.9991150732967071
     656.3753168779186353       1.0384589247405529
     656.3755170113408894       1.0443434417247772
     656.3757171447631436       1.0664122924208641
     656.3759172781855113       1.0528644025325775
     656.3761174116077655       0.9761980883777142
     656.3763175450300196       0.9914971189573407
     656.3765176784522737       1.0459046103060246
     656.3767178118746415       0.9774351287633181
     656.3769179452968956       0.9661955833435059
     656.3771180787191497       0.9524843171238899
     656.3773182121414038       0.9312941655516624
     656.3775183455637716       0.9174984544515610
     656.3777184789860257       1.0595071576535702
     656.3779186124082798       1.0387150458991528
     656.3781187458305340       0.9538516029715538
     656.3783188792529018       0.9950494784861803
     656.3785190126751559       1.0666962116956711
     656.3787191460974100       0.9896414130926132
     656.3789192795196641       0.9430984184145927
     656.3791194129420319       0.9358778670430183
     656.3793195463642860       1.0947063118219376
     656.3795196797865401       0.8643595725297928
     656.3797198132087942       1.0484511516988277
     656.3799199466311620       1.0395850129425526
     656.3801200800534161       0.9927716036327183
     656.3803202134756702       1.0803411826491356
     656.3805203468979244       1.0580046474933624
     656.3807204803201785       0.9555845595896244
     656.3809206137425463       0.9547270573675632
     656.3811207471648004       0.9675631299614906
     656.3813208805870545       1.0398339368402958
     656.3815210140093086       0.9894990483298898
     656.3817211474316764       1.0260439347475767
     656.3819212808539305       1.0286815222352743
     656.3821214142761846       1.0001022933865897
     656.3823215476984387       1.0138366892933846
     656.3825216811208065       1.0439136512577534
     656.3827218145430606       0.9668016768991947
     656.3829219479653148       1.0132040223106742
     656.3831220813875689       0.9950013668276370
     656.3833222148099367       1.0062931063584983
     656.3835223482321908       0.9268343001604080
     656.3837224816544449       1.0536056943237782
     656.3839226150766990       0.9968573912046850
     656.3841227484990668       1.0171855539083481
     656.3843228819213209       0.9844892621040344
     656.3845230153435750       1.0832806378602982
     656.3847231487658291       0.9768765587359667
     656.3849232821881969       0.9559765607118607
     656.3851234156104510       0.9738686829805374
     656.3853235490327052       0.9725832492113113
     656.3855236824549593       0.9494540207087994
     656.3857238158772134       1.0114114088937640
     656.3859239492995812       0.9628708101809025
     656.3861240827218353       1.0404663681983948
     656.3863242161440894       1.0585329644382000
     656.3865243495663435       1.0113389836624265
     656.3867244829887113       0.9815993644297123
     656.3869246164109654       0.9593499936163425
     656.3871247498332195       1.0222804639488459
     656.3873248832554737       0.9453293792903423
     656.3875250166778414       1.0069349273107946
     656.3877251501000956       0.9832339975982904
     656.3879252835223497       0.9727972466498613
     656.3881254169446038       1.0624634735286236
     656.3883255503669716       1.0882827714085579
     656.3885256837892257       1.0298898853361607
     656.3887258172114798       0.9841894973069429
     656.3889259506337339       1.0231701824814081
     656.3891260840561017       0.9296334981918335
     656.3893262174783558       0.9771519470959902
     656.3895263509006099       1.0191276501864195
     656.3897264843228641       1.0208794251084328
     656.3899266177452319       1.0286336038261652
     656.3901267511674860       0.9751603491604328
     656.3903268845897401       1.0016771275550127
     656.3905270180119942       1.0070205554366112
     656.3907271514343620       1.0066523291170597
     656.3909272848566161       0.9085858538746834
     656.3911274182788702       1.0238158162683249
     656.3913275517011243       1.0138254836201668
     656.3915276851233784       1.0625345706939697
     656.3917278185457462       0.9463619180023670
     656.3919279519680003       0.9918697373941541
     656.3921280853902545       1.0550610721111298
     656.3923282188125086       0.9591538645327091
     656.3925283522348764       1.0219532530754805
     656.3927284856571305       0.9975451130885631
     656.3929286190793846       1.0244004316627979
     656.3931287525016387       0.9386480264365673
     656.3933288859240065       0.9624812528491020
     656.3935290193462606       0.9966699986252934
     656.3937291527685147       1.0249077044427395
     656.3939292861907688       0.9788369853049517
     656.3941294196131366       0.9935925216414034
     656.3943295530353907       1.0518493354320526
     656.3945296864576449       0.9643775336444378
     656.3947298198798990       1.0202240124344826
     656.3949299533022668       0.9821766205132008
     656.3951300867245209       1.0126722073182464
     656.3953302201467750       0.9489494003355503
     656.3955303535690291       1.0137619990855455
     656.3957304869913969       0.9621024765074253
     656.3959306204136510       0.9879166577011347
     656.3961307538359051       0.9835942257195711
     656.3963308872581592       1.0475462228059769
     656.3965310206804133       1.0786319002509117
     656.3967311541027811       0.9260246902704239
     656.3969312875250353       1.0433410406112671
     656.3971314209472894       1.1030839681625366
     656.3973315543695435       1.0792125985026360
     656.3975316877919113       0.9890385279431939
     656.3977318212141654       0.9598019607365131
     656.3979319546364195       1.0932790264487267
     656.3981320880586736       1.0353227928280830
     656.3983322214810414       1.0404653400182724
     656.3985323549032955       1.0163384210318327
     656.3987324883255496       0.9402095265686512
     656.3989326217478038       1.0910129100084305
     656.3991327551701715       1.0040543922223151
     656.3993328885924257       0.9453733563423157
     656.3995330220146798       1.0036366432905197
     656.3997331554369339       0.9540569670498371
     656.3999332888593017       1.0610937140882015
     656.4001334222815558       0.9862769646570086
     656.4003335557038099       0.9493708312511444
     656.4005336891260640       1.0041594696231186
     656.4007338225484318       0.9666051380336285
     656.4009339559706859       1.0257439855486155
     656.4011340893929400       1.1402676403522491
     656.4013342228151942       0.8985110893845558
     656.4015343562375620       1.0382660180330276
     656.4017344896598161       0.9916118439286947
     656.4019346230820702       1.0643249675631523
     656.4021347565043243       1.0108065931126475
     656.4023348899265784       0.9501737691462040
     656.4025350233489462       1.0561449490487576
     656.4027351567712003       1.0032866855617613
     656.4029352901934544       1.0639290586113930
     656.4031354236157085       1.0981338247656822
     656.4033355570380763       1.0044979783706367
     656.4035356904603304       1.0507444627583027
     656.4037358238825846       0.9733045361936092
     656.4039359573048387       0.9097600132226944
     656.4041360907272065       1.0347095318138599
     656.4043362241494606       1.0789342746138573
     656.4045363575717147       1.0388787463307381
     656.4047364909939688       1.0381479114294052
     656.4049366244163366       1.0458865277469158
     656.4051367578385907       0.8965172395110130
     656.4053368912608448       1.0190421435981989
     656.4055370246830989       0.9161491468548775
     656.4057371581054667       1.0575846992433071
     656.4059372915277208       1.0535865090787411
     656.4061374249499750       0.9930175505578518
     656.4063375583722291       0.9477654993534088
     656.4065376917945969       0.9781867265701294
     656.4067378252168510       1.0214355159550905
     656.4069379586391051       0.9902293561026454
     656.4071380920613592       1.0102544473484159
     656.4073382254836133       0.9961077950429171
     656.4075383589059811       1.0278167575597763
     656.4077384923282352       1.0935867726802826
     656.4079386257504893       0.9865532638505101
     656.4081387591727434       0.9660454541444778
     656.4083388925951112       1.0353307537734509
     656.4085390260173654       0.9082978591322899
     656.4087391594396195       0.9063958153128624
     656.4089392928618736       0.9682440310716629
     656.4091394262842414       0.9253313094377518
     656.4093395597064955       0.9841943401843309
     656.4095396931287496       1.0077200653031468
     656.4097398265510037       1.0155466096475720
     656.4099399599733715       0.9030039012432098
     656.4101400933956256       1.0011148604098707
     656.4103402268178797       0.9750696085393429
     656.4105403602401339       1.0585255511105061
     656.4107404936625016       1.0548272989690304
     656.4109406270847558       0.8531078845262527
     656.4111407605070099       0.9680610671639442
     656.4113408939292640       1.0072493748739362
     656.4115410273516318       1.0698891356587410
     656.4117411607738859       1.0004174411878921
     656.4119412941961400       1.0005873042391613
     656.4121414276183941       1.0820497199892998
     656.4123415610407619       1.0226512458175421
     656.4125416944630160       0.8932616114616394
     656.4127418278852701       1.0698575228452682
     656.4129419613075243       1.0659887567162514
     656.4131420947297784       1.0042661665938795
     656.4133422281521462       1.0536981932818890
     656.4135423615744003       0.9259762316942215
     656.4137424949966544       0.9530487582087517
     656.4139426284189085       1.0372603051364422
     656.4141427618412763       1.0059555373154581
     656.4143428952635304       0.9095422998070717
     656.4145430286857845       1.0048735416494310
     656.4147431621080386       1.0526122450828552
     656.4149432955304064       1.0704099163413048
     656.4151434289526605       1.1172627434134483
     656.4153435623749147       1.0124829169362783
     656.4155436957971688       0.9866991201415658
     656.4157438292195366       1.0792454779148102
     656.4159439626417907       0.9882693849503994
     656.4161440960640448       0.9973287384491414
     656.4163442294862989       0.9853121396154165
     656.4165443629086667       1.0378697328269482
     656.4167444963309208       1.0002880954125430
     656.4169446297531749       1.0550894811749458
     656.4171447631754290       0.9773004315793514
     656.4173448965977968       1.0911848917603493
     656.4175450300200509       1.0253013111650944
     656.4177451634423051       1.0589848533272743
     656.4179452968645592       0.9952323171310127
     656.4181454302869270       0.9768239352852106
     656.4183455637091811       1.0838163644075394
     656.4185456971314352       1.0072723529301584
     656.4187458305536893       1.0384440273046494
     656.4189459639759434       0.9668866507709026
     656.4191460973983112       1.0547060072422028
     656.4193462308205653       1.0924941152334213
     656.4195463642428194       1.0014194928808138
     656.4197464976650735       0.9646576084196568
     656.4199466310874413       1.0463392138481140
     656.4201467645096955       0.9782550260424614
     656.4203468979319496       0.9950354699976742
     656.4205470313542037       1.0534969083964825
     656.4207471647765715       1.0333784185349941
     656.4209472981988256       0.9737292677164078
     656.4211474316210797       1.0086277117952704
     656.4213475650433338       0.9350219368934631
     656.4215476984657016       0.9633759111166000
     656.4217478318879557       0.9935950837098062
     656.4219479653102098       0.9130022525787354
     656.4221480987324640       1.0379790328443050
     656.4223482321548317       0.9679781980812550
     656.4225483655770859       0.9592690728604794
     656.4227484989993400       0.9830901138484478
     656.4229486324215941       0.9913260480388999
     656.4231487658439619       1.0887035727500916
     656.4233488992662160       0.9969748090952635
     656.4235490326884701       0.9631328880786896
     656.4237491661107242       0.9686842747032642
     656.4239492995329783       0.9476084336638451
     656.4241494329553461       1.1129210740327835
     656.4243495663776002       1.0052266702987254
     656.4245496997998544       0.9665765166282654
     656.4247498332221085       0.9172268286347389
     656.4249499666444763       1.0434409976005554
     656.4251501000667304       1.0161663256585598
     656.4253502334889845       0.9961659871041775
     656.4255503669112386       1.0233294721692801
     656.4257505003336064       1.0674976930022240
     656.4259506337558605       0.9567282237112522
     656.4261507671781146       0.9373308196663857
     656.4263509006003687       1.0639965236186981
     656.4265510340227365       0.9725744985044003
     656.4267511674449906       1.0028846079949290
     656.4269513008672448       1.0356470756232738
     656.4271514342894989       1.0618392825126648
     656.4273515677118667       1.0707489475607872
     656.4275517011341208       0.9822156280279160
     656.4277518345563749       0.9624615125358105
     656.4279519679786290       1.0440710149705410
     656.4281521014009968       0.9295962750911713
     656.4283522348232509       0.9997504313068930
     656.4285523682455050       1.0861822143197060
     656.4287525016677591       1.0244241356849670
     656.4289526350901269       1.0435262583196163
     656.4291527685123810       1.0604705885052681
     656.4293529019346352       1.0135934920981526
     656.4295530353568893       1.0737299397587776
     656.4297531687791434       1.0152488993480802
     656.4299533022015112       1.0361072383821011
     656.4301534356237653       0.9962957131210715
     656.4303535690460194       0.9473452866077423
     656.4305537024682735       1.0491730235517025
     656.4307538358906413       0.9978396419901401
     656.4309539693128954       1.0377708040177822
     656.4311541027351495       0.9996462079288904
     656.4313542361574036       1.0313051752746105
     656.4315543695797714       1.0647571533918381
     656.4317545030020256       0.9697291105985641
     656.4319546364242797       1.0001046938050422
     656.4321547698465338       1.0818692669272423
     656.4323549032689016       1.0033718631602824
     656.4325550366911557       1.0603218637406826
     656.4327551701134098       0.9779439885169268
     656.4329553035356639       0.9908681362867355
     656.4331554369580317       1.0262328665703535
     656.4333555703802858       0.9540022648870945
     656.4335557038025399       0.9466752931475639
     656.4337558372247940       0.9946260438300669
     656.4339559706471618       0.9521754272282124
     656.4341561040694160       1.0221742242574692
     656.4343562374916701       0.9680476784706116
     656.4345563709139242       0.9956370000727475
     656.4347565043361783       0.9604043327271938
     656.4349566377585461       1.0574728921055794
     656.4351567711808002       1.0659238025546074
     656.4353569046030543       0.9570895805954933
     656.4355570380253084       1.0447086170315742
     656.4357571714476762       0.9461065046489239
     656.4359573048699303       1.1034979447722435
     656.4361574382921845       0.9454196095466614
     656.4363575717144386       1.1077872067689896
     656.4365577051368064       0.9840656537562609
     656.4367578385590605       1.1344948410987854
     656.4369579719813146       0.9226074814796448
     656.4371581054035687       1.0171216540038586
     656.4373582388259365       0.9750133082270622
     656.4375583722481906       1.0681664496660233
     656.4377585056704447       0.9544810205698013
     656.4379586390926988       1.0287402514368296
     656.4381587725150666       1.0076876017265022
     656.4383589059373207       1.0523931086063385
     656.4385590393595749       1.0616029910743237
     656.4387591727818290       1.0103115532547235
     656.4389593062041968       0.8974762335419655
     656.4391594396264509       0.9812940005213022
     656.4393595730487050       0.9071865156292915
     656.4395597064709591       1.0164671149104834
     656.4397598398933269       1.0671042427420616
     656.4399599733155810       0.9631844311952591
     656.4401601067378351       0.9275011792778969
     656.4403602401600892       1.0438246876001358
     656.4405603735823433       0.9502185694873333
     656.4407605070047111       0.9775632116943598
     656.4409606404269653       0.9949365840293467
     656.4411607738492194       1.0113351186737418
     656.4413609072714735       1.0258680284023285
     656.4415610406938413       1.0325605832040310
     656.4417611741160954       0.9756541643291712
     656.4419613075383495       1.1048683300614357
     656.4421614409606036       1.0277460403740406
     656.4423615743829714       1.0193094126880169
     656.4425617078052255       0.9783547706902027
     656.4427618412274796       0.9287327975034714
     656.4429619746497337       0.9437671191990376
     656.4431621080721015       0.9360356703400612
     656.4433622414943557       1.0212268456816673
     656.4435623749166098       1.0582880340516567
     656.4437625083388639       1.0196402650326490
     656.4439626417612317       0.9937256057746708
     656.4441627751834858       1.0791123136878014
     656.4443629086057399       0.9736879914999008
     656.4445630420279940       1.1266721189022064
     656.4447631754503618       1.0539744012057781
     656.4449633088726159       1.0190017167478800
     656.4451634422948700       0.9751309193670750
     656.4453635757171241       0.9930387497879565
     656.4455637091393783       1.0325197763741016
     656.4457638425617461       0.9966785572469234
     656.4459639759840002       0.9398144669830799
     656.4461641094062543       1.0175597742199898
     656.4463642428285084       0.9926115749403834
     656.4465643762508762       0.9676808789372444
     656.4467645096731303       1.0464030504226685
     656.4469646430953844       0.9392432272434235
     656.4471647765176385       0.9575861170887947
     656.4473649099400063       1.0203593987971544
     656.4475650433622604       0.9936519865877926
     656.4477651767845146       1.0497055612504482
     656.4479653102067687       1.0399331375956535
     656.4481654436291365       1.0180093627423048
     656.4483655770513906       0.8888606205582619
     656.4485657104736447       0.9923938340507448
     656.4487658438958988       1.0043235342018306
     656.4489659773182666       1.0029820164199919
     656.4491661107405207       1.0085665201768279
     656.4493662441627748       0.9442156255245209
     656.4495663775850289       1.0297337714582682
     656.4497665110073967       1.0673744156956673
     656.4499666444296508       1.1118573918938637
     656.4501667778519050       1.0375570580363274
     656.4503669112741591       0.9838323406875134
     656.4505670446965269       0.9820992480963469
     656.4507671781187810       1.0223531108349562
     656.4509673115410351       1.0383191853761673
     656.4511674449632892       1.0788164511322975
     656.4513675783855433       1.1111034154891968
     656.4515677118079111       0.8965782150626183
     656.4517678452301652       1.1302737444639206
     656.4519679786524193       1.0565640032291412
     656.4521681120746734       0.9125253632664680
     656.4523682454970412       1.1301068812608719
     656.4525683789192954       0.9000525623559952
     656.4527685123415495       1.0386454761028290
     656.4529686457638036       1.0352622456848621
     656.4531687791861714       0.9636035449802876
     656.4533689126084255       1.0442640706896782
     656.4535690460306796       0.9961570787709206
     656.4537691794529337       0.9047802314162254
     656.4539693128753015       1.0087364492937922
     656.4541694462975556       0.9970618423540145
     656.4543695797198097       0.9750807434320450
     656.4545697131420638       0.9379673115909100
     656.4547698465644316       1.0078692836686969
     656.4549699799866858       1.0357559546828270
     656.4551701134089399       1.0441518537700176
     656.4553702468311940       0.8651056736707687
     656.4555703802535618       0.9133574441075325
     656.4557705136758159       1.1213397309184074
     656.4559706470980700       0.9689970929175615
     656.4561707805203241       0.9846996888518333
     656.4563709139425782       0.9488583393394947
     656.4565710473649460       1.0039017510134727
     656.4567711807872001       0.9765784833580256
     656.4569713142094542       0.9885608982294798
     656.4571714476317084       0.9628096446394920
     656.4573715810540762       0.9603113569319248
     656.4575717144763303       1.0974049791693687
     656.4577718478985844       0.9946292703971267
     656.4579719813208385       1.0458557382225990
     656.4581721147432063       1.0297247413545847
     656.4583722481654604       1.0594719126820564
     656.4585723815877145       1.0660501345992088
     656.4587725150099686       1.0059848050586879
     656.4589726484323364       1.0593531839549541
     656.4591727818545905       1.0446943454444408
     656.4593729152768447       1.0546162091195583
     656.4595730486990988       1.0267771687358618
     656.4597731821214666       1.0304775666445494
     656.4599733155437207       1.0056364880874753
     656.4601734489659748       1.0801332220435143
     656.4603735823882289       1.0858455896377563
     656.4605737158105967       1.0466384775936604
     656.4607738492328508       0.9901455771178007
     656.4609739826551049       0.9874307913705707
     656.4611741160773590       0.9607388190925121
     656.4613742494997268       0.9879419840872288
     656.4615743829219809       0.9856295064091682
     656.4617745163442351       1.0710868239402771
     656.4619746497664892       0.9927325956523418
     656.4621747831887433       0.9995764960476663
     656.4623749166111111       0.9497123844921589
     656.4625750500333652       1.0050812205299735
     656.4627751834556193       0.8359619975090027
     656.4629753168778734       1.1268802136182785
     656.4631754503002412       0.9440674670040607
     656.4633755837224953       1.0138546945527196
     656.4635757171447494       0.9149108827114105
     656.4637758505670035       0.9922237587161362
     656.4639759839893713       0.9960540891624987
     656.4641761174116255       0.8654534071683884
     656.4643762508338796       1.0173513069748878
     656.4645763842561337       0.9675344228744507
     656.4647765176785015       0.9719150178134441
     656.4649766511007556       1.0048227347433567
     656.4651767845230097       0.9273869246244431
     656.4653769179452638       1.0605132691562176
     656.4655770513676316       0.9697043895721436
     656.4657771847898857       0.9679938256740570
     656.4659773182121398       0.9757076017558575
     656.4661774516343939       0.9350471720099449
     656.4663775850567617       1.0505332611501217
     656.4665777184790159       0.9801688045263290
     656.4667778519012700       0.9113200604915619
     656.4669779853235241       0.9943414600566030
     656.4671781187458919       1.0366827026009560
     656.4673782521681460       1.1475290656089783
     656.4675783855904001       0.9836178869009018
     656.4677785190126542       1.0578555651009083
     656.4679786524349083       0.9423051886260509
     656.4681787858572761       1.1116029173135757
     656.4683789192795302       0.9768818952143192
     656.4685790527017843       1.0826736465096474
     656.4687791861240385       0.9449984654784203
     656.4689793195464063       1.0257778204977512
     656.4691794529686604       0.9338784962892532
     656.4693795863909145       0.9424575008451939
     656.4695797198131686       0.8527257889509201
     656.4697798532355364       0.9900550339370966
     656.4699799866577905       0.9979195671621710
     656.4701801200800446       0.9771960638463497
     656.4703802535022987       0.9905643993988633
     656.4705803869246665       0.9945588507689536
     656.4707805203469206       1.0036221463233232
     656.4709806537691748       0.9959306274540722
     656.4711807871914289       1.0238907039165497
     656.4713809206137967       0.9305382519960403
     656.4715810540360508       1.0094842845574021
     656.4717811874583049       1.0268780477344990
     656.4719813208805590       0.9530240558087826
     656.4721814543029268       0.9814384765923023
     656.4723815877251809       1.0043585086241364
     656.4725817211474350       0.9359047710895538
     656.4727818545696891       0.9989201850257814
     656.4729819879919432       1.0043008127249777
     656.4731821214143110       1.0358143299818039
     656.4733822548365652       0.9116015434265137
     656.4735823882588193       1.0446149930357933
     656.4737825216810734       0.9743298906832933
     656.4739826551034412       1.0331381522119045
     656.4741827885256953       1.0282312911003828
     656.4743829219479494       1.0195530708879232
     656.4745830553702035       0.8982250690460205
     656.4747831887925713       0.9541588537395000
     656.4749833222148254       0.9692358039319515
     656.4751834556370795       1.0826286301016808
     656.4753835890593336       1.0052505130879581
     656.4755837224817014       0.9816157408058643
     656.4757838559039556       0.9142888113856316
     656.4759839893262097       1.0342396609485149
     656.4761841227484638       0.9560986943542957
     656.4763842561708316       1.0104000270366669
     656.4765843895930857       1.0313438810408115
     656.4767845230153398       1.0271852351725101
     656.4769846564375939       0.9941582055762410
     656.4771847898599617       1.0073614814318717
     656.4773849232822158       1.0370473861694336
     656.4775850567044699       0.9634368270635605
     656.4777851901267240       0.9656389839947224
     656.4779853235490918       0.9245674982666969
     656.4781854569713460       0.9628901109099388
     656.4783855903936001       0.9975608962122351
     656.4785857238158542       0.9595819190144539
     656.4787858572381083       1.1009575724601746
     656.4789859906604761       0.9811596591025591
     656.4791861240827302       1.0859385654330254
     656.4793862575049843       1.0262099094688892
     656.4795863909272384       1.0221571084111929
     656.4797865243496062       0.9111663475632668
     656.4799866577718603       0.9836090542376041
     656.4801867911941144       0.9496611058712006
     656.4803869246163686       1.1061476245522499
     656.4805870580387364       1.0389115177094936
     656.4807871914609905       1.0411058627068996
     656.4809873248832446       1.0205471273511648
     656.4811874583054987       1.0238792505115271
     656.4813875917278665       1.0813158154487610
     656.4815877251501206       0.9715707562863827
     656.4817878585723747       0.9744254667311907
     656.4819879919946288       0.9971620417200029
     656.4821881254169966       1.0265504904091358
     656.4823882588392507       1.0377294048666954
     656.4825883922615049       0.9531125985085964
     656.4827885256837590       0.9125217050313950
     656.4829886591061268       0.9865475827828050
     656.4831887925283809       1.0349910818040371
     656.4833889259506350       0.9900382682681084
     656.4835890593728891       0.9640000499784946
     656.4837891927951432       1.0577246844768524
     656.4839893262175110       1.0223910138010979
     656.4841894596397651       0.9726883824914694
     656.4843895930620192       0.9563413225114346
     656.4845897264842733       1.0186671745032072
     656.4847898599066411       0.9639937356114388
     656.4849899933288953       0.9559882394969463
     656.4851901267511494       0.9510971046984196
     656.4853902601734035       0.9791106842458248
     656.4855903935957713       0.9664419218897820
     656.4857905270180254       1.0448688268661499
     656.4859906604402795       1.0663225948810577
     656.4861907938625336       0.9779150057584047
     656.4863909272849014       0.9679085798561573
     656.4865910607071555       1.0226320158690214
     656.4867911941294096       0.9350712373852730
     656.4869913275516637       1.0053680348210037
     656.4871914609740315       1.0455967262387276
     656.4873915943962857       1.0293098185211420
     656.4875917278185398       0.9673307798802853
     656.4877918612407939       1.0160126946866512
     656.4879919946631617       1.0170641224831343
     656.4881921280854158       0.9826579671353102
     656.4883922615076699       1.0249383915215731
     656.4885923949299240       1.0139444684609771
     656.4887925283522918       0.8902414813637733
     656.4889926617745459       0.9804938416928053
     656.4891927951968000       0.9920770721510053
     656.4893929286190541       0.9581725373864174
     656.4895930620413083       1.0974544584751129
     656.4897931954636761       0.9271465986967087
     656.4899933288859302       0.9638563729822636
     656.4901934623081843       0.9482743032276630
     656.4903935957304384       1.0122141102328897
     656.4905937291528062       1.0087975598871708
     656.4907938625750603       1.0368771851062775
     656.4909939959973144       1.0123682925477624
     656.4911941294195685       1.0418811105191708
     656.4913942628419363       0.9902113648131490
     656.4915943962641904       0.9707288537174463
     656.4917945296864445       1.0190451685339212
     656.4919946631086987       0.9918888006359339
     656.4921947965310665       0.9782024510204792
     656.4923949299533206       1.0015121083706617
     656.4925950633755747       1.0475807897746563
     656.4927951967978288       1.0335780344903469
     656.4929953302201966       1.0139939030632377
     656.4931954636424507       0.9461471922695637
     656.4933955970647048       0.9705922752618790
     656.4935957304869589       1.0012052876409143
     656.4937958639093267       0.9342876747250557
     656.4939959973315808       0.9609487541019917
     656.4941961307538350       1.0583076588809490
     656.4943962641760891       0.9747151900082827
     656.4945963975983432       1.0343519113957882
     656.4947965310207110       1.0257103424519300
     656.4949966644429651       0.9892040938138962
     656.4951967978652192       1.0403792560100555
     656.4953969312874733       1.0772344097495079
     656.4955970647098411       0.9565874710679054
     656.4957971981320952       0.9884250620380044
     656.4959973315543493       1.1116239354014397
     656.4961974649766034       1.0428484380245209
     656.4963975983989712       0.9568041600286961
     656.4965977318212254       1.0608624033629894
     656.4967978652434795       1.0477082543075085
     656.4969979986657336       1.0006215563043952
     656.4971981320881014       1.0133296167477965
     656.4973982655103555       1.0217146556824446
     656.4975983989326096       0.9556465484201908
     656.4977985323548637       1.0022779065184295
     656.4979986657772315       1.0180201046168804
     656.4981987991994856       1.0403492711484432
     656.4983989326217397       1.0542923882603645
     656.4985990660439938       1.0124719543382525
     656.4987991994663616       0.9329872727394104
     656.4989993328886158       0.9522039890289307
     656.4991994663108699       1.0965055972337723
     656.4993995997331240       1.0431270822882652
     656.4995997331554918       0.9771520514041185
     656.4997998665777459       0.9938162923790514
     656.5000000000000000       0.9270498380064964
