     656.2000000000000455       0.9826991707086563
     656.2002001334222996       1.0299756731837988
     656.2004002668445537       0.9656824246048927
     656.2006004002669215       1.0383620411157608
     656.2008005336891756       0.9526549354195595
     656.2010006671114297       0.9624156542122364
     656.2012008005336838       1.0575194768607616
     656.2014009339560516       1.0297008808702230
     656.2016010673783057       0.9734611418098211
     656.2018012008005599       1.0074177458882332
     656.2020013342228140       0.8937886953353882
     656.2022014676451818       1.0333716683089733
     656.2024016010674359       0.9788961168378592
     656.2026017344896900       1.0321462340652943
     656.2028018679119441       1.0442965887486935
     656.2030020013343119       0.9907111329957843
     656.2032021347565660       1.0574931018054485
     656.2034022681788201       1.0188019853085279
     656.2036024016010742       0.9653091393411160
     656.2038025350234420       1.0080874497070909
     656.2040026684456961       1.0094246296212077
     656.2042028018679503       1.0224356967955828
     656.2044029352902044       0.9119484648108482
     656.2046030687125722       0.9512579999864101
     656.2048032021348263       0.9675895050168037
     656.2050033355570804       1.0436762012541294
     656.2052034689793345       0.9728098474442959
     656.2054036024017023       1.0342973172664642
     656.2056037358239564       1.0554276183247566
     656.2058038692462105       1.0136674037203193
     656.2060040026684646       1.0413558632135391
     656.2062041360907187       0.9608416780829430
     656.2064042695130865       0.9432593025267124
     656.2066044029353407       1.0245858225971460
     656.2068045363575948       1.0146294161677361
     656.2070046697798489       1.0281713102012873
     656.2072048032022167       0.9439589716494083
     656.2074049366244708       0.9453381411731243
     656.2076050700467249       1.0863477140665054
     656.2078052034689790       1.0765509679913521
     656.2080053368913468       0.9916175780817866
     656.2082054703136009       0.9044621810317039
     656.2084056037358550       0.9725181572139263
     656.2086057371581092       0.9736900832504034
     656.2088058705804769       1.0441333018243313
     656.2090060040027311       1.0262616872787476
     656.2092061374249852       1.0125086503103375
     656.2094062708472393       0.9548259414732456
     656.2096064042696071       1.0118678165599704
     656.2098065376918612       1.0418569929897785
     656.2100066711141153       1.0521975345909595
     656.2102068045363694       0.9553006626665592
     656.2104069379587372       1.0172765702009201
     656.2106070713809913       1.0123905455693603
     656.2108072048032454       0.8471264243125916
     656.2110073382254996       1.0036912143696100
     656.2112074716477537       1.0237849485129118
     656.2114076050701215       1.0092345457524061
     656.2116077384923756       1.0423173867166042
     656.2118078719146297       0.9465962164103985
     656.2120080053368838       0.9702119622379541
     656.2122081387592516       0.8652061074972153
     656.2124082721815057       0.9571757018566132
     656.2126084056037598       1.0105065740644932
     656.2128085390260139       0.9818817749619484
     656.2130086724483817       0.9361626282334328
     656.2132088058706358       1.0521027036011219
     656.2134089392928900       1.0100452210754156
     656.2136090727151441       0.9955873615108430
     656.2138092061375119       0.9593577273190022
     656.2140093395597660       0.9637621827423573
     656.2142094729820201       0.9979586289264262
     656.2144096064042742       0.8949078172445297
     656.2146097398266420       1.0226858276873827
     656.2148098732488961       0.9880884345620871
     656.2150100066711502       0.9937744280323386
     656.2152101400934043       0.9267902150750160
     656.2154102735157721       0.8915079832077026
     656.2156104069380262       0.9787351880222559
     656.2158105403602804       1.0070039853453636
     656.2160106737825345       0.9013399779796600
     656.2162108072049023       1.0084399012848735
     656.2164109406271564       1.0154430968686938
     656.2166110740494105       1.0095683829858899
     656.2168112074716646       0.9751850310713053
     656.2170113408939187       0.9308415278792381
     656.2172114743162865       1.0076960022561252
     656.2174116077385406       0.9926239107735455
     656.2176117411607947       0.9994283970445395
     656.2178118745830488       1.0172661989927292
     656.2180120080054166       1.0713491216301918
     656.2182121414276708       0.9280345290899277
     656.2184122748499249       1.0489656291902065
     656.2186124082721790       1.0567752979695797
     656.2188125416945468       0.9678227193653584
     656.2190126751168009       1.0113387787714601
     656.2192128085390550       0.9664165116846561
     656.2194129419613091       0.9552951082587242
     656.2196130753836769       0.9849277138710022
     656.2198132088059310       1.0654211118817329
     656.2200133422281851       0.9659617356956005
     656.2202134756504392       1.0639800429344177
     656.2204136090728070       1.0683232173323631
     656.2206137424950612       0.9561507254838943
     656.2208138759173153       0.9603664912283421
     656.2210140093395694       0.9568588621914387
     656.2212141427619372       1.0757932066917419
     656.2214142761841913       1.0331752486526966
     656.2216144096064454       0.9983597116079181
     656.2218145430286995       0.9987453301437199
     656.2220146764509536       1.0007802275940776
     656.2222148098733214       1.1027230024337769
     656.2224149432955755       1.0827604234218597
     656.2226150767178297       0.9344325214624405
     656.2228152101400838       0.9554426558315754
     656.2230153435624516       1.0463844798505306
     656.2232154769847057       0.8894576877355576
     656.2234156104069598       0.9464423172175884
     656.2236157438292139       1.0146216619759798
     656.2238158772515817       1.0127315884456038
     656.2240160106738358       1.0518495216965675
     656.2242161440960899       0.9890258209779859
     656.2244162775183440       1.0267996471375227
     656.2246164109407118       0.9527157917618752
     656.2248165443629659       0.9605916179716587
     656.2250166777852201       1.0151313245296478
     656.2252168112074742       1.0409835688769817
     656.2254169446298420       0.9848827393725514
     656.2256170780520961       1.0470528155565262
     656.2258172114743502       1.0482210032641888
     656.2260173448966043       0.9883965486660600
     656.2262174783189721       0.9723275024443865
     656.2264176117412262       0.9305221363902092
     656.2266177451634803       0.9277637377381325
     656.2268178785857344       1.0587896108627319
     656.2270180120081022       1.0853079780936241
     656.2272181454303563       0.9910711105912924
     656.2274182788526105       1.0966074243187904
     656.2276184122748646       1.0651915743947029
     656.2278185456971187       1.0718338191509247
     656.2280186791194865       0.9323474839329720
     656.2282188125417406       0.9780827034264803
     656.2284189459639947       1.0125098917633295
     656.2286190793862488       0.9241770133376122
     656.2288192128086166       1.0376981310546398
     656.2290193462308707       1.0973453298211098
     656.2292194796531248       1.0727532580494881
     656.2294196130753789       0.9397049173712730
     656.2296197464977467       0.9907982423901558
     656.2298198799200009       1.0597478225827217
     656.2300200133422550       0.9582445994019508
     656.2302201467645091       0.9581968672573566
     656.2304202801868769       1.0052025928162038
     656.2306204136091310       0.9537898413836956
     656.2308205470313851       0.9966413751244545
     656.2310206804536392       0.9941014265641570
     656.2312208138760070       0.9882259927690029
     656.2314209472982611       0.9677078910171986
     656.2316210807205152       1.0136070102453232
     656.2318212141427693       1.0061432844959199
     656.2320213475651371       0.9890734152868390
     656.2322214809873913       0.9999077902321005
     656.2324216144096454       1.0012757693184540
     656.2326217478318995       0.9693414587527514
     656.2328218812541536       0.9451076611876488
     656.2330220146765214       1.0609425418078899
     656.2332221480987755       0.9928844324313104
     656.2334222815210296       1.0083493655547500
     656.2336224149432837       1.0553671196103096
     656.2338225483656515       1.0801048427820206
     656.2340226817879056       1.0750221535563469
     656.2342228152101598       0.9087482169270515
     656.2344229486324139       0.9364258125424385
     656.2346230820547817       0.9328700080513954
     656.2348232154770358       0.9424456581473351
     656.2350233488992899       0.9919659057632089
     656.2352234823215440       0.9826889559626579
     656.2354236157439118       1.0303236637264490
     656.2356237491661659       0.9151799902319908
     656.2358238825884200       1.0309547465294600
     656.2360240160106741       1.0395059101283550
     656.2362241494330419       1.0704200118780136
     656.2364242828552960       0.9711276795715094
     656.2366244162775502       1.0705646201968193
     656.2368245496998043       0.9367115274071693
     656.2370246831221721       0.9596474729478359
     656.2372248165444262       0.9970911564305425
     656.2374249499666803       0.9600326903164387
     656.2376250833889344       1.0859410986304283
     656.2378252168113022       1.0985912308096886
     656.2380253502335563       0.9795799814164639
     656.2382254836558104       0.9293689504265785
     656.2384256170780645       0.9760675150901079
     656.2386257505003186       0.9917565975338221
     656.2388258839226864       1.0042435056529939
     656.2390260173449406       0.9961299020797014
     656.2392261507671947       0.9880212889984250
     656.2394262841894488       0.9056232497096062
     656.2396264176118166       0.9467868246138096
     656.2398265510340707       1.1324191838502884
     656.2400266844563248       0.9652950055897236
     656.2402268178785789       0.9907492538914084
     656.2404269513009467       1.0725783035159111
     656.2406270847232008       0.9073360785841942
     656.2408272181454549       1.1614766120910645
     656.2410273515677090       1.0422301925718784
     656.2412274849900768       0.9981110460357741
     656.2414276184123310       0.9827478844672441
     656.2416277518345851       1.0201356951147318
     656.2418278852568392       0.9708604030311108
     656.2420280186792070       0.9655811823904514
     656.2422281521014611       1.0197074674069881
     656.2424282855237152       0.9756080787628889
     656.2426284189459693       1.0005298752803355
     656.2428285523683371       1.0491491332650185
     656.2430286857905912       0.9468536712229252
     656.2432288192128453       0.9696019012480974
     656.2434289526350994       1.0123430602252483
     656.2436290860574672       1.0275209043174982
     656.2438292194797214       1.0449860095977783
     656.2440293529019755       0.9842500295490026
     656.2442294863242296       0.9935436458326876
     656.2444296197464837       0.9447366781532764
     656.2446297531688515       1.0392199382185936
     656.2448298865911056       0.9578891694545746
     656.2450300200133597       0.9996104604797438
     656.2452301534356138       0.9417574405670166
     656.2454302868579816       1.0156122213229537
     656.2456304202802357       0.9769033789634705
     656.2458305537024899       1.0450331829488277
     656.2460306871247440       1.0575962439179420
     656.2462308205471118       0.9931427352130413
     656.2464309539693659       0.9249589368700981
     656.2466310873916200       0.9060393944382668
     656.2468312208138741       1.0288532823324203
     656.2470313542362419       1.0172081384807825
     656.2472314876584960       0.9892685413360596
     656.2474316210807501       1.1067414209246635
     656.2476317545030042       1.0190448705106974
     656.2478318879253720       1.0579062961041927
     656.2480320213476261       0.9557072743773460
     656.2482321547698803       1.0243499632924795
     656.2484322881921344       0.9501314945518970
     656.2486324216145022       0.9999463520398422
     656.2488325550367563       1.0019874316640198
     656.2490326884590104       0.9443469867110252
     656.2492328218812645       0.9585575275123119
     656.2494329553035186       1.0219876449555159
     656.2496330887258864       1.0070591531693935
     656.2498332221481405       0.9611135348677635
     656.2500333555703946       1.0442989170551300
     656.2502334889926487       0.9394187368452549
     656.2504336224150165       0.9982797771226615
     656.2506337558372707       0.9868292594328523
     656.2508338892595248       1.0363846942782402
     656.2510340226817789       0.9890760127454996
     656.2512341561041467       0.9860406275838614
     656.2514342895264008       0.9664450176060200
     656.2516344229486549       0.9566363804042339
     656.2518345563709090       1.0290092620998621
     656.2520346897932768       1.0177596267312765
     656.2522348232155309       1.0242136847227812
     656.2524349566377850       1.0157033838331699
     656.2526350900600391       0.9809041302651167
     656.2528352234824069       1.0006026463233866
     656.2530353569046611       1.0147366477176547
     656.2532354903269152       1.0019956822507083
     656.2534356237491693       0.9608046859502792
     656.2536357571715371       1.0601420812308788
     656.2538358905937912       0.9020621553063393
     656.2540360240160453       1.0017563725123182
     656.2542361574382994       1.0202153958380222
     656.2544362908606672       1.0167908947914839
     656.2546364242829213       1.0024843874853104
     656.2548365577051754       0.9643779359757900
     656.2550366911274295       1.0109879160299897
     656.2552368245496837       0.9968035526107997
     656.2554369579720515       0.9672533683478832
     656.2556370913943056       0.9781379234045744
     656.2558372248165597       1.0235269647091627
     656.2560373582388138       0.9789901170879602
     656.2562374916611816       1.0223983582109213
     656.2564376250834357       0.9783694054931402
     656.2566377585056898       1.0052534253336489
     656.2568378919279439       0.9160949736833572
     656.2570380253503117       1.0038471394218504
     656.2572381587725658       1.0326701812446117
     656.2574382921948200       1.0206678751856089
     656.2576384256170741       1.0404707901179790
     656.2578385590394419       1.0745410993695259
     656.2580386924616960       0.9920264231041074
     656.2582388258839501       0.9867683583870530
     656.2584389593062042       0.8536056280136108
     656.2586390927285720       1.0215511415153742
     656.2588392261508261       0.9934912552125752
     656.2590393595730802       0.9157278016209602
     656.2592394929953343       0.9487527236342430
     656.2594396264177021       1.0071394839324057
     656.2596397598399562       1.0189331229776144
     656.2598398932622104       0.9491166658699512
     656.2600400266844645       0.9691749028861523
     656.2602401601067186       0.9292639121413231
     656.2604402935290864       1.0539535470306873
     656.2606404269513405       1.0039649880491197
     656.2608405603735946       0.9764196891337633
     656.2610406937958487       1.0177341401576996
     656.2612408272182165       1.0812541097402573
     656.2614409606404706       1.0552530772984028
     656.2616410940627247       1.0267867092043161
     656.2618412274849788       0.9782966542989016
     656.2620413609073466       0.9662610851228237
     656.2622414943296008       1.0512033775448799
     656.2624416277518549       0.9372161254286766
     656.2626417611741090       0.9662232883274555
     656.2628418945964768       0.9716474264860153
     656.2630420280187309       0.9732456170022488
     656.2632421614409850       1.0367721654474735
     656.2634422948632391       1.0006838966510259
     656.2636424282856069       1.0245948061347008
     656.2638425617078610       1.0354529172182083
     656.2640426951301151       0.8633532524108887
     656.2642428285523692       1.0343180783092976
     656.2644429619747370       1.0133450096473098
     656.2646430953969912       0.9790899623185396
     656.2648432288192453       1.0001954674953595
     656.2650433622414994       0.9016452580690384
     656.2652434956638672       0.9853483336046338
     656.2654436290861213       1.0190608594566584
     656.2656437625083754       1.0956416800618172
     656.2658438959306295       1.0203762911260128
     656.2660440293528836       1.0419000983238220
     656.2662441627752514       1.0129307182505727
     656.2664442961975055       0.9855388449504972
     656.2666444296197596       0.9978966135531664
     656.2668445630420138       0.9931029370054603
     656.2670446964643816       0.9970089506823570
     656.2672448298866357       1.0495785363018513
     656.2674449633088898       1.0184978358447552
     656.2676450967311439       0.9791455715894699
     656.2678452301535117       0.9526549465954304
     656.2680453635757658       1.0360084213316441
     656.2682454969980199       1.0113011514768004
     656.2684456304202740       0.9428628608584404
     656.2686457638426418       1.0840463712811470
     656.2688458972648959       1.0283078439533710
     656.2690460306871501       0.9792451839894056
     656.2692461641094042       1.0367838144302368
     656.2694462975317720       1.0122032249346375
     656.2696464309540261       1.0133362850174308
     656.2698465643762802       0.9940787050873041
     656.2700466977985343       0.9855467630550265
     656.2702468312209021       0.9810093045234680
     656.2704469646431562       1.0146988974884152
     656.2706470980654103       0.9656122848391533
     656.2708472314876644       0.8947625011205673
     656.2710473649099185       0.9298448339104652
     656.2712474983322863       1.0326138883829117
     656.2714476317545405       0.9220182076096535
     656.2716477651767946       0.9699007589370012
     656.2718478985990487       1.0200957339257002
     656.2720480320214165       0.9805796407163143
     656.2722481654436706       0.9506261385977268
     656.2724482988659247       1.0199604574590921
     656.2726484322881788       0.9648537412285805
     656.2728485657105466       0.9759258199483156
     656.2730486991328007       1.0620619170367718
     656.2732488325550548       0.9577041603624821
     656.2734489659773089       0.9533613696694374
     656.2736490993996767       0.9979625083506107
     656.2738492328219309       1.0171767529100180
     656.2740493662441850       0.9970178029034287
     656.2742494996664391       0.9764011595398188
     656.2744496330888069       0.9771928992122412
     656.2746497665110610       1.0382829457521439
     656.2748498999333151       1.0288374926894903
     656.2750500333555692       1.0907360985875130
     656.2752501667779370       0.9671398438513279
     656.2754503002001911       0.9269205033779144
     656.2756504336224452       1.0121740652248263
     656.2758505670446993       1.0217381250113249
     656.2760507004670671       0.9914510892704129
     656.2762508338893213       1.0130563629791141
     656.2764509673115754       1.0101127829402685
     656.2766511007338295       1.1027078628540039
     656.2768512341560836       1.0061895321123302
     656.2770513675784514       1.0413013324141502
     656.2772515010007055       1.0270463135093451
     656.2774516344229596       0.9642508812248707
     656.2776517678452137       0.9816287104040384
     656.2778519012675815       1.1027924567461014
     656.2780520346898356       0.9603757597506046
     656.2782521681120897       1.0858142971992493
     656.2784523015343439       1.0054787262342870
     656.2786524349567117       0.9628711082041264
     656.2788525683789658       0.9639584943652153
     656.2790527018012199       1.0625276640057564
     656.2792528352234740       1.0334021747112274
     656.2794529686458418       0.9892525766044855
     656.2796531020680959       0.9589798673987389
     656.2798532354903500       0.9804954472929239
     656.2800533689126041       0.9983168611070141
     656.2802535023349719       0.9905947586521506
     656.2804536357572260       1.0495377033948898
     656.2806537691794802       0.9538095630705357
     656.2808539026017343       0.9697607029229403
     656.2810540360241021       1.1006395816802979
     656.2812541694463562       1.0302550587803125
     656.2814543028686103       0.9969933049287647
     656.2816544362908644       1.0065764822065830
     656.2818545697131185       1.0054560946300626
     656.2820547031354863       0.9720794577151537
     656.2822548365577404       0.9712906051427126
     656.2824549699799945       1.0205626189708710
     656.2826551034022486       0.9359185993671417
     656.2828552368246164       1.0484957173466682
     656.2830553702468706       1.0469830147922039
     656.2832555036691247       1.0159673132002354
     656.2834556370913788       0.9530818834900856
     656.2836557705137466       1.0125093776732683
     656.2838559039360007       0.9347682371735573
     656.2840560373582548       0.9325666874647141
     656.2842561707805089       1.0145638985559344
     656.2844563042028767       1.0661719441413879
     656.2846564376251308       1.0595178902149200
     656.2848565710473849       0.9573059231042862
     656.2850567044696390       1.0104734990745783
     656.2852568378920068       1.0052947271615267
     656.2854569713142610       0.9747516680508852
     656.2856571047365151       1.0274073127657175
     656.2858572381587692       0.9117296859622002
     656.2860573715811370       1.0521037690341473
     656.2862575050033911       1.0307315122336149
     656.2864576384256452       1.0008373625460081
     656.2866577718478993       1.0198421534150839
     656.2868579052702671       1.0143177052959800
     656.2870580386925212       1.0168589130043983
     656.2872581721147753       0.9683428667485714
     656.2874583055370294       1.0489899441599846
     656.2876584389592836       1.0086945174261928
     656.2878585723816514       1.0544278882443905
     656.2880587058039055       1.0699213892221451
     656.2882588392261596       1.0973982736468315
     656.2884589726484137       1.0646251961588860
     656.2886591060707815       1.0806793197989464
     656.2888592394930356       0.9531334899365902
     656.2890593729152897       1.0200892146676779
     656.2892595063375438       1.0515649020671844
     656.2894596397599116       1.0795255601406097
     656.2896597731821657       1.0675733983516693
     656.2898599066044198       1.0257044117897749
     656.2900600400266740       0.9826203845441341
     656.2902601734490418       1.1232692524790764
     656.2904603068712959       1.0647233948111534
     656.2906604402935500       0.9600858874619007
     656.2908605737158041       0.9975721621885896
     656.2910607071381719       0.9679645113646984
     656.2912608405604260       1.0372674949467182
     656.2914609739826801       1.0207345802336931
     656.2916611074049342       0.8589805960655212
     656.2918612408273020       0.9944714982993901
     656.2920613742495561       0.9810115918517113
     656.2922615076718103       1.0567372851073742
     656.2924616410940644       0.9934598174877465
     656.2926617745164322       0.9670287594199181
     656.2928619079386863       1.0301203429698944
     656.2930620413609404       1.0046566547825933
     656.2932621747831945       1.0725602582097054
     656.2934623082054486       0.9734904728829861
     656.2936624416278164       1.0038144537247717
     656.2938625750500705       0.8898501843214035
     656.2940627084723246       0.9710045177489519
     656.2942628418945787       0.9649325050413609
     656.2944629753169465       1.0736776813864708
     656.2946631087392007       1.0226515196263790
     656.2948632421614548       0.9782569073140621
     656.2950633755837089       1.0446603037416935
     656.2952635090060767       0.9644568376243114
     656.2954636424283308       1.0516158752143383
     656.2956637758505849       0.8695966154336929
     656.2958639092728390       1.0277943294495344
     656.2960640426952068       1.0172436852008104
     656.2962641761174609       0.9852315317839384
     656.2964643095397150       0.9481937102973461
     656.2966644429619691       1.0414914861321449
     656.2968645763843369       1.0913995727896690
     656.2970647098065911       1.0647168606519699
     656.2972648432288452       0.9251018390059471
     656.2974649766510993       0.9778129160404205
     656.2976651100734671       1.0300391968339682
     656.2978652434957212       0.9617149792611599
     656.2980653769179753       1.0135219395160675
     656.2982655103402294       1.0095293074846268
     656.2984656437624835       0.9579917304217815
     656.2986657771848513       1.0782210379838943
     656.2988659106071054       1.0489232204854488
     656.2990660440293595       1.0720035284757614
     656.2992661774516137       1.0237897913902998
     656.2994663108739815       0.9744662959128618
     656.2996664442962356       1.0185896344482899
     656.2998665777184897       0.9580487310886383
     656.3000667111407438       1.0092066153883934
     656.3002668445631116       1.0727940499782562
     656.3004669779853657       0.8584688007831573
     656.3006671114076198       0.9919852279126644
     656.3008672448298739       0.9821920935064554
     656.3010673782522417       1.0063474923372269
     656.3012675116744958       0.9580195508897305
     656.3014676450967499       1.0120987249538302
     656.3016677785190041       1.0479845851659775
     656.3018679119413719       0.8923029527068138
     656.3020680453636260       0.9640761278569698
     656.3022681787858801       0.9747140351682901
     656.3024683122081342       0.9551005475223064
     656.3026684456305020       0.9852249901741743
     656.3028685790527561       0.9626670405268669
     656.3030687124750102       0.9746647384017706
     656.3032688458972643       0.9204729869961739
     656.3034689793196321       0.8997799381613731
     656.3036691127418862       0.9671702906489372
     656.3038692461641403       1.0695920437574387
     656.3040693795863945       0.9802017603069544
     656.3042695130086486       1.0679334402084351
     656.3044696464310164       1.0069607212208211
     656.3046697798532705       1.0466203056275845
     656.3048699132755246       1.0549947507679462
     656.3050700466977787       1.0742232576012611
     656.3052701801201465       1.1344391554594040
     656.3054703135424006       1.0328912772238255
     656.3056704469646547       1.0003295311180409
     656.3058705803869088       1.0799541175365448
     656.3060707138092766       0.9427469000220299
     656.3062708472315308       1.0109050599858165
     656.3064709806537849       0.9850292177870870
     656.3066711140760390       1.0039177387952805
     656.3068712474984068       1.0261621978133917
     656.3070713809206609       0.9821557849645615
     656.3072715143429150       0.9519705027341843
     656.3074716477651691       1.0338061116635799
     656.3076717811875369       1.0049655972979963
     656.3078719146097910       1.0615109317004681
     656.3080720480320451       0.9821985419839619
     656.3082721814542992       0.9680436588823793
     656.3084723148766670       0.9770353864878414
     656.3086724482989212       1.0364391915500160
     656.3088725817211753       0.9040576294064515
     656.3090727151434294       1.0382182821631423
     656.3092728485656835       1.0184447169303881
     656.3094729819880513       1.0183163378387667
     656.3096731154103054       0.9071950241923301
     656.3098732488325595       0.9338487610220862
     656.3100733822548136       1.0031524919904700
     656.3102735156771814       1.0287156831473010
     656.3104736490994355       1.0050939926877467
     656.3106737825216896       1.0612083934247272
     656.3108739159439438       1.0583603493868980
     656.3110740493663116       0.9651961699127674
     656.3112741827885657       0.9848266392945545
     656.3114743162108198       0.9483615681528027
     656.3116744496330739       1.0365509614346928
     656.3118745830554417       1.0632158890364403
     656.3120747164776958       0.9234364628788694
     656.3122748498999499       0.9587756581599981
     656.3124749833222040       0.8971373811357691
     656.3126751167445718       1.0381702929725867
     656.3128752501668259       1.0302987005548234
     656.3130753835890800       0.9587398804705117
     656.3132755170113342       0.9394662119420941
     656.3134756504337020       0.9599712677261212
     656.3136757838559561       1.0434214584474382
     656.3138759172782102       1.0585215575915168
     656.3140760507004643       0.9808992054203418
     656.3142761841228321       1.0266029443436873
     656.3144763175450862       0.9712027404239586
     656.3146764509673403       0.9877541409500213
     656.3148765843895944       1.0568141638805915
     656.3150767178118485       1.0340955368579352
     656.3152768512342163       0.9439186974531992
     656.3154769846564704       0.9969831592185772
     656.3156771180787246       0.9699290188301718
     656.3158772515009787       0.9440048334786855
     656.3160773849233465       0.9678886306241697
     656.3162775183456006       0.9222444366233877
     656.3164776517678547       1.0171950584171163
     656.3166777851901088       0.9119880191648270
     656.3168779186124766       0.9788012810613022
     656.3170780520347307       1.0194126110987793
     656.3172781854569848       0.8920949081859872
     656.3174783188792389       0.9983568985746013
     656.3176784523016067       1.0276908037785373
     656.3178785857238609       1.0309835009511392
     656.3180787191461150       0.8991962457531010
     656.3182788525683691       1.0069512698670939
     656.3184789859907369       0.9902101918604802
     656.3186791194129910       0.9967713569326169
     656.3188792528352451       1.0163400992091001
     656.3190793862574992       0.8881619150954226
     656.3192795196798670       1.0245488390869042
     656.3194796531021211       1.0758252785204290
     656.3196797865243752       1.0495680651375001
     656.3198799199466293       0.9981096155961356
     656.3200800533688835       0.9548965880290985
     656.3202801867912513       0.9547020165488658
     656.3204803202135054       0.9828092592606541
     656.3206804536357595       0.9713753177213144
     656.3208805870580136       0.9610938273751465
     656.3210807204803814       0.9644201747065604
     656.3212808539026355       0.9809242472249270
     656.3214809873248896       1.0135317834165365
     656.3216811207471437       0.9975175204596552
     656.3218812541695115       0.9545428191375175
     656.3220813875917656       0.9820886227267630
     656.3222815210140197       1.0077768267129463
     656.3224816544362739       1.0225905133317466
     656.3226817878586417       0.9809826334566050
     656.3228819212808958       1.0337485169018268
     656.3230820547031499       1.0187903397278917
     656.3232821881254040       1.0457080091487307
     656.3234823215477718       0.9317977619195609
     656.3236824549700259       1.0072530079388962
     656.3238825883922800       1.0902065943685377
     656.3240827218145341       1.0458010130572721
     656.3242828552369019       0.9528331710259726
     656.3244829886591560       1.0388030123805729
     656.3246831220814101       0.9808554393946146
     656.3248832555036643       1.0862044263937931
     656.3250833889260321       0.9559735953114719
     656.3252835223482862       1.0449189835308381
     656.3254836557705403       1.0021486763064580
     656.3256837891927944       0.9867425447702931
     656.3258839226150485       1.0059001794725462
     656.3260840560374163       0.9339364873032978
     656.3262841894596704       0.9794262362091427
     656.3264843228819245       0.9979498813595200
     656.3266844563041786       1.0121660158765096
     656.3268845897265464       1.0084090337719371
     656.3270847231488005       0.9919000749724637
     656.3272848565710547       1.0288565618280412
     656.3274849899933088       0.8678192084334546
     656.3276851234156766       1.0755141569789894
     656.3278852568379307       0.9464758295082041
     656.3280853902601848       0.9556716764063501
     656.3282855236824389       0.9901103979277227
     656.3284856571048067       1.0480082380709683
     656.3286857905270608       0.9929349936759612
     656.3288859239493149       1.0240760495972752
     656.3290860573715690       0.9908583192995973
     656.3292861907939368       1.0336631609736000
     656.3294863242161910       1.0138049205942101
     656.3296864576384451       1.0814741780910011
     656.3298865910606992       1.0222426620882015
     656.3300867244830670       0.9935015461502162
     656.3302868579053211       1.0319789998683779
     656.3304869913275752       0.9933163258237031
     656.3306871247498293       0.9964571725672549
     656.3308872581721971       1.0756751789237806
     656.3310873915944512       1.0509307456655701
     656.3312875250167053       1.0100373285457322
     656.3314876584389594       1.0011616808352102
     656.3316877918612136       1.0303570715570234
     656.3318879252835814       1.0661294525020468
     656.3320880587058355       0.9588920378910895
     656.3322881921280896       1.0403453345163316
     656.3324883255503437       1.0161515771539529
     656.3326884589727115       0.9848688047962010
     656.3328885923949656       0.9883403304805968
     656.3330887258172197       0.9312736216856927
     656.3332888592394738       0.8954113711685210
     656.3334889926618416       1.0179064044705528
     656.3336891260840957       0.9552842918263640
     656.3338892595063498       1.0081543427804798
     656.3340893929286040       0.9109688621971869
     656.3342895263509718       0.9868594713198059
     656.3344896597732259       0.9390257901265211
     656.3346897931954800       0.9891704995659637
     656.3348899266177341       0.9145470448197647
     656.3350900600401019       0.8854329120788097
     656.3352901934623560       1.0023470239096945
     656.3354903268846101       0.9455187479184159
     656.3356904603068642       0.9203788743244246
     656.3358905937292320       0.8792655876564732
     656.3360907271514861       0.8681627278998344
     656.3362908605737402       0.8397326788553882
     656.3364909939959944       0.9083862010813869
     656.3366911274182485       0.9981501530557748
     656.3368912608406163       0.8582047893171438
     656.3370913942628704       0.9080198988586479
     656.3372915276851245       0.9366115357072244
     656.3374916611073786       0.8270262849339973
     656.3376917945297464       0.7626700253284185
     656.3378919279520005       0.8699891739527920
     656.3380920613742546       0.8454378829251500
     656.3382921947965087       0.8830049640220208
     656.3384923282188765       0.8850725051152113
     656.3386924616411306       0.8935109682824578
     656.3388925950633848       0.7263837138190166
     656.3390927284856389       0.9308233278745792
     656.3392928619080067       0.8099499840431041
     656.3394929953302608       0.7168919719988635
     656.3396931287525149       0.8461377109959964
     656.3398932621747690       0.8678649385174112
     656.3400933955971368       0.7189651638200056
     656.3402935290193909       0.7982428074053867
     656.3404936624416450       0.8397468234650288
     656.3406937958638991       0.7884472060033429
     656.3408939292862669       0.8538285206542543
     656.3410940627085211       0.7998900447433248
     656.3412941961307752       0.7733077934116849
     656.3414943295530293       0.7568683735573329
     656.3416944629753971       0.8832469793449624
     656.3418945963976512       0.8273897505982386
     656.3420947298199053       0.7623960244859536
     656.3422948632421594       0.7862402772940718
     656.3424949966644135       0.8587414635880009
     656.3426951300867813       0.7729169891010792
     656.3428952635090354       0.8174090620987473
     656.3430953969312895       0.7285859976540010
     656.3432955303535437       0.8418886355227120
     656.3434956637759115       0.7734430919116737
     656.3436957971981656       0.8821570941266919
     656.3438959306204197       0.8593522571328235
     656.3440960640426738       0.7906808201404534
     656.3442961974650416       0.8538006026330902
     656.3444963308872957       0.8294522817555030
     656.3446964643095498       0.8798633528652084
     656.3448965977318039       0.8563380437999599
     656.3450967311541717       0.8844510178220475
     656.3452968645764258       0.9444676906866575
     656.3454969979986799       0.8640904850764168
     656.3456971314209341       0.8567537751679707
     656.3458972648433019       0.9138271669096729
     656.3460973982655560       0.8667866799603225
     656.3462975316878101       0.9044760662263701
     656.3464976651100642       0.8609203826802656
     656.3466977985324320       0.9401250693996854
     656.3468979319546861       0.8856397128765642
     656.3470980653769402       0.9810021030309901
     656.3472981987991943       0.9161427514931600
     656.3474983322214484       0.9121638707837497
     656.3476984656438162       1.0461785711452551
     656.3478985990660703       0.9152745865026477
     656.3480987324883245       0.9297736236161768
     656.3482988659105786       0.9752288784164744
     656.3484989993329464       0.7837935178390852
     656.3486991327552005       0.9324377071086283
     656.3488992661774546       0.9228438094256270
     656.3490993995997087       0.9087655023874087
     656.3492995330220765       0.9420431929424284
     656.3494996664443306       0.9087474485189000
     656.3496997998665847       0.9761936163796907
     656.3498999332888388       1.0362424764130493
     656.3501000667112066       0.9808970040235125
     656.3503002001334607       0.9672466231695417
     656.3505003335557149       0.8933460359031646
     656.3507004669779690       0.9023317801768106
     656.3509006004003368       1.0150242857209149
     656.3511007338225909       0.9518748994467143
     656.3513008672448450       0.8740449521028274
     656.3515010006670991       1.0335264566397382
     656.3517011340894669       0.9787273609506862
     656.3519012675117210       0.9701011898496074
     656.3521014009339751       0.9589411925086265
     656.3523015343562292       1.0191616474644956
     656.3525016677785970       0.9305869459338713
     656.3527018012008512       1.0104602411142050
     656.3529019346231053       1.0166134028923950
     656.3531020680453594       1.0114373520312605
     656.3533022014676135       0.9765578685336470
     656.3535023348899813       0.9954524971147963
     656.3537024683122354       0.9310207087262783
     656.3539026017344895       0.9951852303089213
     656.3541027351567436       0.9680084719086766
     656.3543028685791114       0.9628879725324362
     656.3545030020013655       1.0728420194535011
     656.3547031354236196       1.0054020956220591
     656.3549032688458738       0.9673683088161947
     656.3551034022682416       1.0399943758744983
     656.3553035356904957       0.9918960892620696
     656.3555036691127498       1.0015552151199358
     656.3557038025350039       1.0377018098920172
     656.3559039359573717       0.9705441821512437
     656.3561040693796258       1.0981880462741147
     656.3563042028018799       0.9851541273041403
     656.3565043362241340       1.0279494978444454
     656.3567044696465018       1.0516832319333491
     656.3569046030687559       1.0157040063983214
     656.3571047364910100       1.0464652236369199
     656.3573048699132642       1.0131006023117926
     656.3575050033356320       0.9833427561050833
     656.3577051367578861       1.0507458856883101
     656.3579052701801402       1.0296906879878531
     656.3581054036023943       1.0405236837348579
     656.3583055370246484       0.9613546057902709
     656.3585056704470162       1.0015532439745216
     656.3587058038692703       0.9731697200042158
     656.3589059372915244       1.0295492626257907
     656.3591060707137785       0.9545254761431100
     656.3593062041361463       0.9817132886123083
     656.3595063375584004       0.9605984490927534
     656.3597064709806546       1.0738663997643083
     656.3599066044029087       1.0165134204976325
     656.3601067378252765       0.9726298063342714
     656.3603068712475306       0.9140913714338798
     656.3605070046697847       1.0220333414146570
     656.3607071380920388       1.0704508599503504
     656.3609072715144066       0.9950478770573221
     656.3611074049366607       0.9862480744776297
     656.3613075383589148       1.0051562486697989
     656.3615076717811689       1.0548124706227000
     656.3617078052035367       0.9980681316243474
     656.3619079386257908       0.9803748771814355
     656.3621080720480450       1.0216936942597423
     656.3623082054702991       1.0271797897498640
     656.3625083388926669       0.9573281880774741
     656.3627084723149210       1.0693228828086574
     656.3629086057371751       0.9201558696821985
     656.3631087391594292       1.0685222850232883
     656.3633088725817970       0.9952271912054508
     656.3635090060040511       1.0508286849593405
     656.3637091394263052       1.0112743024738420
     656.3639092728485593       0.9996256140430745
     656.3641094062708135       0.9886544715694213
     656.3643095396931813       1.0329353691671892
     656.3645096731154354       1.0968517442156520
     656.3647098065376895       1.1251287203045184
     656.3649099399599436       1.1154961430533290
     656.3651100733823114       1.0668059378080752
     656.3653102068045655       1.0446875348462170
     656.3655103402268196       0.9729844913070198
     656.3657104736490737       0.9747979634902475
     656.3659106070714415       1.0393002313028434
     656.3661107404936956       0.9475604617579558
     656.3663108739159497       1.0135141694365712
     656.3665110073382039       1.0008672066368984
     656.3667111407605717       1.0271805854815710
     656.3669112741828258       1.0593610476572501
     656.3671114076050799       0.9589163248416712
     656.3673115410273340       0.9907918933606658
     656.3675116744497018       1.0219202710705284
     656.3677118078719559       0.9353539421090959
     656.3679119412942100       0.9862137836569563
     656.3681120747164641       0.9834555889860918
     656.3683122081388319       1.0359670482181607
     656.3685123415610860       0.9517080485538931
     656.3687124749833401       1.0603981911935121
     656.3689126084055943       0.9634241796887044
     656.3691127418278484       0.9929621033269094
     656.3693128752502162       1.0253844913023475
     656.3695130086724703       0.9830234125205882
     656.3697131420947244       1.0098946532198880
     656.3699132755169785       0.9721560273294428
     656.3701134089393463       1.0330548658949463
     656.3703135423616004       0.9814036004233013
     656.3705136757838545       1.1041248366228134
     656.3707138092061086       0.8761992529028667
     656.3709139426284764       0.9294703975315737
     656.3711140760507305       1.0985617265102392
     656.3713142094729847       0.9938018093814965
     656.3715143428952388       0.9671137034891679
     656.3717144763176066       1.0470091737805864
     656.3719146097398607       0.9260733202099162
     656.3721147431621148       0.9977875829208206
     656.3723148765843689       0.9978458618279249
     656.3725150100067367       0.9553223140537537
     656.3727151434289908       0.9407460018992287
     656.3729152768512449       0.9799476452171710
     656.3731154102734990       0.9210959598421988
     656.3733155436958668       1.0240481700748163
     656.3735156771181209       1.0089103151112768
     656.3737158105403751       0.9740285240113716
     656.3739159439626292       0.9853642564266908
     656.3741160773849970       1.0547676570713511
     656.3743162108072511       1.0202048998326059
     656.3745163442295052       0.9196068942546841
     656.3747164776517593       0.8917599394917486
     656.3749166110740134       0.9568428546190261
     656.3751167444963812       0.9714941792190074
     656.3753168779186353       1.1223757639527321
     656.3755170113408894       1.0899256095290184
     656.3757171447631436       0.9420740231871605
     656.3759172781855113       1.0134520335122943
     656.3761174116077655       1.0024500389117748
     656.3763175450300196       0.9983440717915073
     656.3765176784522737       1.0785151571035385
     656.3767178118746415       1.0377087630331516
     656.3769179452968956       1.0123516712337732
     656.3771180787191497       0.9761127978563309
     656.3773182121414038       1.0128644350916147
     656.3775183455637716       0.9885939257219434
     656.3777184789860257       1.0578342750668526
     656.3779186124082798       1.0047835940495133
     656.3781187458305340       1.0283478107303381
     656.3783188792529018       0.9593054093420506
     656.3785190126751559       0.9977937764488161
     656.3787191460974100       1.0045400676317513
     656.3789192795196641       1.0215686522424221
     656.3791194129420319       1.0236502401530743
     656.3793195463642860       1.0818673744797707
     656.3795196797865401       0.9208050146698952
     656.3797198132087942       1.0527885369956493
     656.3799199466311620       0.9831986278295517
     656.3801200800534161       0.9678719565272331
     656.3803202134756702       1.0516257546842098
     656.3805203468979244       1.0084739634767175
     656.3807204803201785       0.9368568807840347
     656.3809206137425463       1.0542792379856110
     656.3811207471648004       0.9879819927737117
     656.3813208805870545       1.0130710871890187
     656.3815210140093086       0.9919645255431533
     656.3817211474316764       1.0571419894695282
     656.3819212808539305       0.9515832588076591
     656.3821214142761846       1.0624313652515411
     656.3823215476984387       0.9731195662170649
     656.3825216811208065       1.0233359262347221
     656.3827218145430606       0.9707250948995352
     656.3829219479653148       1.0277548227459192
     656.3831220813875689       0.9278097227215767
     656.3833222148099367       0.9700078833848238
     656.3835223482321908       0.9894671114161611
     656.3837224816544449       0.9695370662957430
     656.3839226150766990       0.9749487936496735
     656.3841227484990668       1.0726195946335793
     656.3843228819213209       0.9203640073537827
     656.3845230153435750       1.0582746341824532
     656.3847231487658291       1.1450264453887939
     656.3849232821881969       0.9851067615672946
     656.3851234156104510       0.9416441209614277
     656.3853235490327052       0.9249988794326782
     656.3855236824549593       0.9044202044606209
     656.3857238158772134       1.0196616705507040
     656.3859239492995812       1.0189995896071196
     656.3861240827218353       0.9943669666536152
     656.3863242161440894       0.9983313344419003
     656.3865243495663435       0.9984797469805926
     656.3867244829887113       0.9874779591336846
     656.3869246164109654       0.9272657260298729
     656.3871247498332195       1.0139347631484270
     656.3873248832554737       0.9556815922260284
     656.3875250166778414       1.0189271811395884
     656.3877251501000956       1.0085850013419986
     656.3879252835223497       0.9813359621912241
     656.3881254169446038       0.9860352855175734
     656.3883255503669716       0.9378967098891735
     656.3885256837892257       1.0446941815316677
     656.3887258172114798       1.0588910169899464
     656.3889259506337339       0.9823932517319918
     656.3891260840561017       1.0148747069761157
     656.3893262174783558       1.0396931171417236
     656.3895263509006099       1.0101645896211267
     656.3897264843228641       0.9284903183579445
     656.3899266177452319       0.9733415488153696
     656.3901267511674860       0.9812994953244925
     656.3903268845897401       0.9687365889549255
     656.3905270180119942       0.9652148559689522
     656.3907271514343620       0.9996776143379975
     656.3909272848566161       0.9157455489039421
     656.3911274182788702       0.9938563629984856
     656.3913275517011243       1.1048943921923637
     656.3915276851233784       1.0139180487021804
     656.3917278185457462       1.0156115712597966
     656.3919279519680003       0.9712280686944723
     656.3921280853902545       0.9218304529786110
     656.3923282188125086       0.9460165239870548
     656.3925283522348764       0.8793512210249901
     656.3927284856571305       0.8937421441078186
     656.3929286190793846       0.8857633545994759
     656.3931287525016387       0.9869451625272632
     656.3933288859240065       1.0089165670797229
     656.3935290193462606       1.0395523235201836
     656.3937291527685147       0.9502703584730625
     656.3939292861907688       0.9938480430282652
     656.3941294196131366       1.0408230237662792
     656.3943295530353907       0.9506548307836056
     656.3945296864576449       1.0455690361559391
     656.3947298198798990       0.8952893093228340
     656.3949299533022668       1.0513723008334637
     656.3951300867245209       0.9258237257599831
     656.3953302201467750       0.9650235176086426
     656.3955303535690291       1.0684546455740929
     656.3957304869913969       0.9094592854380608
     656.3959306204136510       0.9298536926507950
     656.3961307538359051       1.0539131574332714
     656.3963308872581592       0.9081839323043823
     656.3965310206804133       0.8818286135792732
     656.3967311541027811       0.9920795755460858
     656.3969312875250353       0.9805103819817305
     656.3971314209472894       1.0111576477065682
     656.3973315543695435       0.8847915008664131
     656.3975316877919113       0.9584408812224865
     656.3977318212141654       0.9658363983035088
     656.3979319546364195       1.0474618859589100
     656.3981320880586736       0.9639813154935837
     656.3983322214810414       1.0417080782353878
     656.3985323549032955       0.9988588060950860
     656.3987324883255496       0.9599877186119556
     656.3989326217478038       1.0107485409826040
     656.3991327551701715       1.0284080542623997
     656.3993328885924257       1.0103431036695838
     656.3995330220146798       1.0861539766192436
     656.3997331554369339       1.0495230183005333
     656.3999332888593017       0.9719920773059130
     656.4001334222815558       1.0108651546761394
     656.4003335557038099       0.9950977624394000
     656.4005336891260640       1.0096627380698919
     656.4007338225484318       1.0194691494107246
     656.4009339559706859       1.0452294722199440
     656.4011340893929400       1.0451515577733517
     656.4013342228151942       1.0336879491806030
     656.4015343562375620       1.0451653413474560
     656.4017344896598161       0.9731088876724243
     656.4019346230820702       0.8804833367466927
     656.4021347565043243       0.9519792981445789
     656.4023348899265784       1.0064545273780823
     656.4025350233489462       0.9325508773326874
     656.4027351567712003       1.0175685137510300
     656.4029352901934544       0.9636037610471249
     656.4031354236157085       1.0357101671397686
     656.4033355570380763       0.9676757194101810
     656.4035356904603304       1.0040161875076592
     656.4037358238825846       0.9762229714542627
     656.4039359573048387       0.9627099633216858
     656.4041360907272065       0.8994735851883888
     656.4043362241494606       0.9987380609381944
     656.4045363575717147       0.9526463933289051
     656.4047364909939688       0.9537732154130936
     656.4049366244163366       0.9415703825652599
     656.4051367578385907       1.0105682127177715
     656.4053368912608448       1.0432208143174648
     656.4055370246830989       1.0755353271961212
     656.4057371581054667       0.9301759749650955
     656.4059372915277208       1.0075442264787853
     656.4061374249499750       0.9592259898781776
     656.4063375583722291       1.0280697029083967
     656.4065376917945969       1.0392329357564449
     656.4067378252168510       0.9461031891405582
     656.4069379586391051       1.0182571373879910
     656.4071380920613592       0.9880304820835590
     656.4073382254836133       1.0586868897080421
     656.4075383589059811       1.0096883540973067
     656.4077384923282352       0.9969103729818016
     656.4079386257504893       1.0106457453221083
     656.4081387591727434       0.9617465436458588
     656.4083388925951112       0.9770878162235022
     656.4085390260173654       0.9442213997244835
     656.4087391594396195       1.0315676629543304
     656.4089392928618736       1.0624207668006420
     656.4091394262842414       0.9603934101760387
     656.4093395597064955       1.0578058622777462
     656.4095396931287496       1.0317886956036091
     656.4097398265510037       0.9890999272465706
     656.4099399599733715       1.0685263276100159
     656.4101400933956256       1.0311268158257008
     656.4103402268178797       1.0030149577651173
     656.4105403602401339       1.0075988206081092
     656.4107404936625016       1.0157916098833084
     656.4109406270847558       1.0356298312544823
     656.4111407605070099       1.0480623133480549
     656.4113408939292640       1.0150683736428618
     656.4115410273516318       1.0605442933738232
     656.4117411607738859       1.0060512349009514
     656.4119412941961400       0.9696351904422045
     656.4121414276183941       1.0692779272794724
     656.4123415610407619       0.9097828418016434
     656.4125416944630160       0.9533650986850262
     656.4127418278852701       1.0404154472053051
     656.4129419613075243       0.9354614913463593
     656.4131420947297784       1.0887907966971397
     656.4133422281521462       1.0052569056861103
     656.4135423615744003       0.9913215432316065
     656.4137424949966544       1.0567765720188618
     656.4139426284189085       1.0496626012027264
     656.4141427618412763       0.9611499421298504
     656.4143428952635304       1.0961076170206070
     656.4145430286857845       0.9436987265944481
     656.4147431621080386       1.0208627153187990
     656.4149432955304064       0.9801507368683815
     656.4151434289526605       0.9767127502709627
     656.4153435623749147       1.0322429500520229
     656.4155436957971688       0.9996982505253982
     656.4157438292195366       1.0442657843232155
     656.4159439626417907       0.9145286381244659
     656.4161440960640448       0.9918033862486482
     656.4163442294862989       1.0031350571662188
     656.4165443629086667       0.9450256451964378
     656.4167444963309208       0.9191845729947090
     656.4169446297531749       0.9328186586499214
     656.4171447631754290       1.0282875336706638
     656.4173448965977968       1.0419844873249531
     656.4175450300200509       1.0110965212807059
     656.4177451634423051       1.0622630417346954
     656.4179452968645592       1.0432297699153423
     656.4181454302869270       0.8611266165971756
     656.4183455637091811       0.9491915404796600
     656.4185456971314352       1.0341479070484638
     656.4187458305536893       0.9613232612609863
     656.4189459639759434       1.0313675887882710
     656.4191460973983112       1.0386697761714458
     656.4193462308205653       0.9739856924861670
     656.4195463642428194       0.9842129144817591
     656.4197464976650735       1.0457050353288651
     656.4199466310874413       0.9276342466473579
     656.4201467645096955       1.0563288442790508
     656.4203468979319496       0.9665683805942535
     656.4205470313542037       1.0586625300347805
     656.4207471647765715       0.9827498886734247
     656.4209472981988256       1.0704043507575989
     656.4211474316210797       1.0354485698044300
     656.4213475650433338       0.9948151940479875
     656.4215476984657016       0.9449370987713337
     656.4217478318879557       0.9136293828487396
     656.4219479653102098       1.0573590658605099
     656.4221480987324640       0.9208267405629158
     656.4223482321548317       0.9706341084092855
     656.4225483655770859       0.9274251237511635
     656.4227484989993400       1.0009574443101883
     656.4229486324215941       1.0023040380328894
     656.4231487658439619       0.9961625693831593
     656.4233488992662160       1.0162957422435284
     656.4235490326884701       0.9288469925522804
     656.4237491661107242       1.0236700344830751
     656.4239492995329783       0.9679272212088108
     656.4241494329553461       1.0250811614096165
     656.4243495663776002       0.9944345266558230
     656.4245496997998544       0.9636432789266109
     656.4247498332221085       0.9710013959556818
     656.4249499666444763       1.0984156951308250
     656.4251501000667304       0.9755357969552279
     656.4253502334889845       1.0595805943012238
     656.4255503669112386       0.9763359315693378
     656.4257505003336064       1.0717922672629356
     656.4259506337558605       1.0078676389530301
     656.4261507671781146       1.0597703419625759
     656.4263509006003687       0.9916178332641721
     656.4265510340227365       1.0014459581580013
     656.4267511674449906       1.0176615659147501
     656.4269513008672448       1.0071558961644769
     656.4271514342894989       0.9700265880674124
     656.4273515677118667       1.0599755533039570
     656.4275517011341208       1.0747087448835373
     656.4277518345563749       1.0563641898334026
     656.4279519679786290       1.0271322131156921
     656.4281521014009968       1.0188559740781784
     656.4283522348232509       0.9755265805870295
     656.4285523682455050       1.0550449751317501
     656.4287525016677591       1.0087156435474753
     656.4289526350901269       1.0377232134342194
     656.4291527685123810       0.9766653794795275
     656.4293529019346352       1.0599805228412151
     656.4295530353568893       0.9867845680564642
     656.4297531687791434       0.9810683596879244
     656.4299533022015112       1.0813032612204552
     656.4301534356237653       0.9927919930778444
     656.4303535690460194       1.0163299329578876
     656.4305537024682735       1.0344005376100540
     656.4307538358906413       0.9562599994242191
     656.4309539693128954       0.9612178504467010
     656.4311541027351495       1.0221458952873945
     656.4313542361574036       1.0397687479853630
     656.4315543695797714       0.9191148579120636
     656.4317545030020256       1.0952930524945259
     656.4319546364242797       0.9572432525455952
     656.4321547698465338       0.9691822789609432
     656.4323549032689016       0.9905049046501517
     656.4325550366911557       0.9962065643630922
     656.4327551701134098       1.0160473790019751
     656.4329553035356639       1.0951136276125908
     656.4331554369580317       1.0487079583108425
     656.4333555703802858       1.0274823047220707
     656.4335557038025399       1.0009301664540544
     656.4337558372247940       1.0163568388670683
     656.4339559706471618       1.0140964090824127
     656.4341561040694160       0.9834597501903772
     656.4343562374916701       0.9875785345211625
     656.4345563709139242       0.9546450562775135
     656.4347565043361783       1.0366036482155323
     656.4349566377585461       0.9892386998981237
     656.4351567711808002       0.9654359742999077
     656.4353569046030543       1.0288285966962576
     656.4355570380253084       1.0275986921042204
     656.4357571714476762       1.0074128657579422
     656.4359573048699303       0.9825387112796307
     656.4361574382921845       1.0056265909224749
     656.4363575717144386       0.9979708360042423
     656.4365577051368064       0.9384749643504620
     656.4367578385590605       1.0220224745571613
     656.4369579719813146       0.9802232962101698
     656.4371581054035687       1.1022917851805687
     656.4373582388259365       1.0281046070158482
     656.4375583722481906       0.9835930373519659
     656.4377585056704447       1.0246040038764477
     656.4379586390926988       0.9762323368340731
     656.4381587725150666       1.0061646006070077
     656.4383589059373207       1.0071995258331299
     656.4385590393595749       1.0642374083399773
     656.4387591727818290       1.0364902876317501
     656.4389593062041968       0.9321325346827507
     656.4391594396264509       0.9399479031562805
     656.4393595730487050       1.0612473487854004
     656.4395597064709591       0.9475613050162792
     656.4397598398933269       1.0426985099911690
     656.4399599733155810       0.9442990049719810
     656.4401601067378351       1.0316854044795036
     656.4403602401600892       0.9636285416781902
     656.4405603735823433       0.9900622498244047
     656.4407605070047111       1.0497019253671169
     656.4409606404269653       0.9692252539098263
     656.4411607738492194       1.0800563320517540
     656.4413609072714735       1.0560147762298584
     656.4415610406938413       1.0215196255594492
     656.4417611741160954       0.9211781397461891
     656.4419613075383495       0.8925254940986633
     656.4421614409606036       1.0421758480370045
     656.4423615743829714       1.0388785526156425
     656.4425617078052255       1.0538988597691059
     656.4427618412274796       1.0835442766547203
     656.4429619746497337       1.0540894679725170
     656.4431621080721015       0.9848709003999829
     656.4433622414943557       0.8988456577062607
     656.4435623749166098       0.9944649036042392
     656.4437625083388639       0.9255398884415627
     656.4439626417612317       0.9085406213998795
     656.4441627751834858       0.9907692046836019
     656.4443629086057399       0.9826460666954517
     656.4445630420279940       1.0413715951144695
     656.4447631754503618       0.9373318552970886
     656.4449633088726159       0.8914161697030067
     656.4451634422948700       1.0724481493234634
     656.4453635757171241       1.0514092259109020
     656.4455637091393783       1.0385502837598324
     656.4457638425617461       0.9673771299421787
     656.4459639759840002       1.0934487581253052
     656.4461641094062543       0.9127187430858612
     656.4463642428285084       1.0240215584635735
     656.4465643762508762       1.0599900744855404
     656.4467645096731303       1.0367831103503704
     656.4469646430953844       0.9371684119105339
     656.4471647765176385       1.0004582453111652
     656.4473649099400063       1.0495073944330215
     656.4475650433622604       0.8885932341217995
     656.4477651767845146       0.9320383444428444
     656.4479653102067687       1.0489712506532669
     656.4481654436291365       1.0056541599333286
     656.4483655770513906       0.9263655245304108
     656.4485657104736447       0.9688566494733095
     656.4487658438958988       1.0470970980823040
     656.4489659773182666       0.9791195765137672
     656.4491661107405207       0.9144870936870575
     656.4493662441627748       0.9719914589077234
     656.4495663775850289       1.0191988833248615
     656.4497665110073967       0.9902036376297474
     656.4499666444296508       1.0203452762216330
     656.4501667778519050       1.0638582035899162
     656.4503669112741591       0.9498126916587353
     656.4505670446965269       0.9837622698396444
     656.4507671781187810       0.9945225398987532
     656.4509673115410351       0.9438444264233112
     656.4511674449632892       1.0001509443827672
     656.4513675783855433       0.9522760771214962
     656.4515677118079111       1.0425403378903866
     656.4517678452301652       0.8577295392751694
     656.4519679786524193       0.9077349752187729
     656.4521681120746734       1.0124821653589606
     656.4523682454970412       1.0205324329435825
     656.4525683789192954       0.9525207616388798
     656.4527685123415495       0.9789051171392202
     656.4529686457638036       0.9357152432203293
     656.4531687791861714       0.9617767296731472
     656.4533689126084255       0.9672500193119049
     656.4535690460306796       1.0702172741293907
     656.4537691794529337       1.0264801960438490
     656.4539693128753015       1.1413092911243439
     656.4541694462975556       0.9846719698980451
     656.4543695797198097       1.0354084186255932
     656.4545697131420638       1.0273378025740385
     656.4547698465644316       0.9819395653903484
     656.4549699799866858       0.9168944954872131
     656.4551701134089399       1.0227266456931829
     656.4553702468311940       0.9480103775858879
     656.4555703802535618       0.9875531764701009
     656.4557705136758159       0.9429490901529789
     656.4559706470980700       0.9109143093228340
     656.4561707805203241       1.0414436124265194
     656.4563709139425782       1.1108440905809402
     656.4565710473649460       0.9861433999612927
     656.4567711807872001       1.0070348582230508
     656.4569713142094542       0.9829082656651735
     656.4571714476317084       0.9828231260180473
     656.4573715810540762       0.9662945121526718
     656.4575717144763303       0.9706149753183126
     656.4577718478985844       1.0278286226093769
     656.4579719813208385       1.0401202514767647
     656.4581721147432063       0.9322973191738129
     656.4583722481654604       0.9441682510077953
     656.4585723815877145       0.9982447394868359
     656.4587725150099686       0.9831186961382627
     656.4589726484323364       1.0584481954574585
     656.4591727818545905       0.9800195414572954
     656.4593729152768447       0.9889697721228004
     656.4595730486990988       0.8986912593245506
     656.4597731821214666       1.0236600600183010
     656.4599733155437207       1.0361526384949684
     656.4601734489659748       0.9336516708135605
     656.4603735823882289       0.9620878882706165
     656.4605737158105967       1.0532727427780628
     656.4607738492328508       0.9971433943137527
     656.4609739826551049       1.0111941304057837
     656.4611741160773590       1.0117178596556187
     656.4613742494997268       1.0289147142320871
     656.4615743829219809       0.9982336390530691
     656.4617745163442351       0.9859746545553207
     656.4619746497664892       1.0419456996023655
     656.4621747831887433       1.0806759670376778
     656.4623749166111111       1.0401504114270210
     656.4625750500333652       0.9814802650362253
     656.4627751834556193       0.9147760048508644
     656.4629753168778734       1.0778795704245567
     656.4631754503002412       1.0790315344929695
     656.4633755837224953       1.0159003194421530
     656.4635757171447494       1.0094648627564311
     656.4637758505670035       0.9937341795302927
     656.4639759839893713       0.9427536129951477
     656.4641761174116255       1.0055164224468172
     656.4643762508338796       0.9981020083650947
     656.4645763842561337       1.0452779307961464
     656.4647765176785015       1.0907579138875008
     656.4649766511007556       1.0169956479221582
     656.4651767845230097       1.0375261604785919
     656.4653769179452638       0.9595694653689861
     656.4655770513676316       0.9879308715462685
     656.4657771847898857       1.0647728070616722
     656.4659773182121398       0.9411057643592358
     656.4661774516343939       0.9540256895124912
     656.4663775850567617       0.9788985643535852
     656.4665777184790159       1.0468055978417397
     656.4667778519012700       0.9591055437922478
     656.4669779853235241       0.9775372613221407
     656.4671781187458919       0.9614227414131165
     656.4673782521681460       1.0527131222188473
     656.4675783855904001       1.0232917051762342
     656.4677785190126542       1.0606722645461559
     656.4679786524349083       0.9634701423346996
     656.4681787858572761       1.0667186602950096
     656.4683789192795302       1.0645669326186180
     656.4685790527017843       1.0042284224182367
     656.4687791861240385       0.9792025424540043
     656.4689793195464063       1.1313184052705765
     656.4691794529686604       1.0486391410231590
     656.4693795863909145       1.0928548276424408
     656.4695797198131686       1.0537819042801857
     656.4697798532355364       1.0213331114500761
     656.4699799866577905       1.0094957295805216
     656.4701801200800446       1.0469677262008190
     656.4703802535022987       1.0119123589247465
     656.4705803869246665       0.9745239969342947
     656.4707805203469206       0.8956941738724709
     656.4709806537691748       1.0453623235225677
     656.4711807871914289       1.0515237450599670
     656.4713809206137967       0.9762645121663809
     656.4715810540360508       0.9205453321337700
     656.4717811874583049       0.9867804851382971
     656.4719813208805590       1.0114932013675570
     656.4721814543029268       0.9217811301350594
     656.4723815877251809       0.9886827636510134
     656.4725817211474350       0.9742146898061037
     656.4727818545696891       0.9657539390027523
     656.4729819879919432       1.0028729552868754
     656.4731821214143110       0.9595976769924164
     656.4733822548365652       1.0158831533044577
     656.4735823882588193       0.9156843349337578
     656.4737825216810734       0.9675603955984116
     656.4739826551034412       1.0243406649678946
     656.4741827885256953       0.9525843448936939
     656.4743829219479494       0.9996501340356190
     656.4745830553702035       0.9570661820471287
     656.4747831887925713       1.0137977199628949
     656.4749833222148254       0.9908426636829972
     656.4751834556370795       1.0233598221093416
     656.4753835890593336       1.0835229679942131
     656.4755837224817014       0.9537825919687748
     656.4757838559039556       0.9395274929702282
     656.4759839893262097       1.0115628950297832
     656.4761841227484638       0.9211525321006775
     656.4763842561708316       0.9855655580759048
     656.4765843895930857       1.0196914840489626
     656.4767845230153398       0.9453969001770020
     656.4769846564375939       1.0395134091377258
     656.4771847898599617       0.9427534565329552
     656.4773849232822158       1.0112863294780254
     656.4775850567044699       0.9889477118849754
     656.4777851901267240       1.0757023766636848
     656.4779853235490918       1.0150099648162723
     656.4781854569713460       0.9626160934567451
     656.4783855903936001       0.9958244175650179
     656.4785857238158542       0.9046967998147011
     656.4787858572381083       1.0247362926602364
     656.4789859906604761       0.9624714665114880
     656.4791861240827302       0.9527918994426727
     656.4793862575049843       1.0266132187098265
     656.4795863909272384       1.0622286871075630
     656.4797865243496062       1.0156311150640249
     656.4799866577718603       0.9793591685593128
     656.4801867911941144       1.0483662970364094
     656.4803869246163686       0.9688800591975451
     656.4805870580387364       1.0981450676918030
     656.4807871914609905       1.0518513396382332
     656.4809873248832446       0.9827599972486496
     656.4811874583054987       1.0149584235623479
     656.4813875917278665       1.0573940053582191
     656.4815877251501206       1.0460401363670826
     656.4817878585723747       1.1352172344923019
     656.4819879919946288       1.0103858252987266
     656.4821881254169966       1.0323366634547710
     656.4823882588392507       1.0365582033991814
     656.4825883922615049       0.9322204664349556
     656.4827885256837590       0.9573966898024082
     656.4829886591061268       1.0170938875526190
     656.4831887925283809       0.9431852586567402
     656.4833889259506350       0.9097896590828896
     656.4835890593728891       0.9658525809645653
     656.4837891927951432       0.9907505810260773
     656.4839893262175110       0.9979855562560260
     656.4841894596397651       1.0118198338896036
     656.4843895930620192       1.0482831001281738
     656.4845897264842733       0.9695910979062319
     656.4847898599066411       1.1150002032518387
     656.4849899933288953       1.0714149251580238
     656.4851901267511494       0.9962205581832677
     656.4853902601734035       0.9224735945463181
     656.4855903935957713       1.0029340863693506
     656.4857905270180254       1.0138283167034388
     656.4859906604402795       0.9424583241343498
     656.4861907938625336       0.9986360769253224
     656.4863909272849014       0.9543401338160038
     656.4865910607071555       1.0153098376467824
     656.4867911941294096       1.0308224391192198
     656.4869913275516637       0.9893575003370643
     656.4871914609740315       1.0122458767145872
     656.4873915943962857       1.0399869270622730
     656.4875917278185398       1.0217375736683607
     656.4877918612407939       1.0277052279561758
     656.4879919946631617       0.9977292013354599
     656.4881921280854158       0.9696342442184687
     656.4883922615076699       0.9790930431336164
     656.4885923949299240       1.0178209226578474
     656.4887925283522918       0.9437895007431507
     656.4889926617745459       0.9725696742534637
     656.4891927951968000       0.9305681735277176
     656.4893929286190541       0.9887515204027295
     656.4895930620413083       0.9572070240974426
     656.4897931954636761       1.0245048962533474
     656.4899933288859302       0.9416126124560833
     656.4901934623081843       1.0084067452698946
     656.4903935957304384       1.0112632988020778
     656.4905937291528062       0.9468499012291431
     656.4907938625750603       1.0136557063087821
     656.4909939959973144       1.1326656937599182
     656.4911941294195685       1.0372767038643360
     656.4913942628419363       0.9986115898936987
     656.4915943962641904       1.0313179716467857
     656.4917945296864445       0.9803737215697765
     656.4919946631086987       0.9629343077540398
     656.4921947965310665       1.0281186737120152
     656.4923949299533206       0.9884986542165279
     656.4925950633755747       0.9531757868826389
     656.4927951967978288       1.0899711474776268
     656.4929953302201966       1.0268027931451797
     656.4931954636424507       1.0624526850879192
     656.4933955970647048       0.9630521573126316
     656.4935957304869589       0.9824767857789993
     656.4937958639093267       0.9998636669188272
     656.4939959973315808       1.0686327219009399
     656.4941961307538350       1.0261222813278437
     656.4943962641760891       1.0754166394472122
     656.4945963975983432       1.0031819117721170
     656.4947965310207110       1.0292066335678101
     656.4949966644429651       0.9419680051505566
     656.4951967978652192       0.9815266225486994
     656.4953969312874733       1.0426134429872036
     656.4955970647098411       0.9596828818321228
     656.4957971981320952       1.0640044882893562
     656.4959973315543493       1.0075847613625228
     656.4961974649766034       0.9751113858073950
     656.4963975983989712       1.0910985991358757
     656.4965977318212254       1.0060350024141371
     656.4967978652434795       1.0823212191462517
     656.4969979986657336       0.9228346571326256
     656.4971981320881014       1.0154244974255562
     656.4973982655103555       1.0255819093436003
     656.4975983989326096       1.0113684358075261
     656.4977985323548637       0.9881568355485797
     656.4979986657772315       0.9358615875244141
     656.4981987991994856       0.9272804781794548
     656.4983989326217397       1.0096125835552812
     656.4985990660439938       0.9839067757129669
     656.4987991994663616       1.0466348305344582
     656.4989993328886158       0.9752612877637148
     656.4991994663108699       1.0170283112674952
     656.4993995997331240       0.9024317935109138
     656.4995997331554918       0.9224216043949127
     656.4997998665777459       1.0110271237790585
     656.5000000000000000       1.0095287514850497
