     656.2000000000000455       1.0340902321040630
     656.2002001334222996       0.9993871637270786
     656.2004002668445537       1.0309471674263477
     656.2006004002669215       0.9685826413333416
     656.2008005336891756       1.0632360875606537
     656.2010006671114297       0.9988810956710950
     656.2012008005336838       1.0397240556776524
     656.2014009339560516       0.9353218749165535
     656.2016010673783057       1.0330097861588001
     656.2018012008005599       0.9980440919753164
     656.2020013342228140       1.0526401661336422
     656.2022014676451818       1.0116238547489047
     656.2024016010674359       1.0537170469760895
     656.2026017344896900       0.9629703760147095
     656.2028018679119441       1.0555406473577023
     656.2030020013343119       0.9406591840088367
     656.2032021347565660       1.1183285042643547
     656.2034022681788201       1.0267562773078680
     656.2036024016010742       0.9392820782959461
     656.2038025350234420       1.0774048864841461
     656.2040026684456961       1.0228671059012413
     656.2042028018679503       0.9327021092176437
     656.2044029352902044       1.0055553265847266
     656.2046030687125722       0.9704312086105347
     656.2048032021348263       0.9976095752790570
     656.2050033355570804       0.9167538881301880
     656.2052034689793345       1.0413074605166912
     656.2054036024017023       1.0710409656167030
     656.2056037358239564       1.0337536148726940
     656.2058038692462105       0.9843616653233767
     656.2060040026684646       1.0315024815499783
     656.2062041360907187       1.0352318622171879
     656.2064042695130865       1.0126424357295036
     656.2066044029353407       1.0396593734622002
     656.2068045363575948       0.9887578682973981
     656.2070046697798489       1.0028934793081135
     656.2072048032022167       1.0200039912015200
     656.2074049366244708       1.0326701588928699
     656.2076050700467249       1.0541912019252777
     656.2078052034689790       1.0422475412487984
     656.2080053368913468       1.0225277803838253
     656.2082054703136009       1.0089069847017527
     656.2084056037358550       1.0623106025159359
     656.2086057371581092       1.0240540523082018
     656.2088058705804769       1.0231521390378475
     656.2090060040027311       1.1157332211732864
     656.2092061374249852       1.0166038163006306
     656.2094062708472393       1.0042966417968273
     656.2096064042696071       1.0411294512450695
     656.2098065376918612       0.9523043669760227
     656.2100066711141153       1.0396827869117260
     656.2102068045363694       0.9382991306483746
     656.2104069379587372       0.9983832483412698
     656.2106070713809913       0.9957149080000818
     656.2108072048032454       0.9831846151500940
     656.2110073382254996       1.0511219203472137
     656.2112074716477537       0.9370826259255409
     656.2114076050701215       0.9901216514408588
     656.2116077384923756       1.0824646428227425
     656.2118078719146297       1.0175113398581743
     656.2120080053368838       0.9999186840577750
     656.2122081387592516       0.9533763267099857
     656.2124082721815057       1.0050390600226820
     656.2126084056037598       1.0513409562408924
     656.2128085390260139       0.9166566953063011
     656.2130086724483817       1.0179689861834049
     656.2132088058706358       0.9289632514119148
     656.2134089392928900       0.8762552589178085
     656.2136090727151441       0.8982576578855515
     656.2138092061375119       1.0673835128545761
     656.2140093395597660       1.0131089268252254
     656.2142094729820201       1.0087779592722654
     656.2144096064042742       1.0323375128209591
     656.2146097398266420       0.9992330994573422
     656.2148098732488961       0.9385924935340881
     656.2150100066711502       1.0549726970493793
     656.2152101400934043       0.9905689200386405
     656.2154102735157721       0.8474158197641373
     656.2156104069380262       0.9465482756495476
     656.2158105403602804       1.0719437599182129
     656.2160106737825345       0.9297685325145721
     656.2162108072049023       1.0962880402803421
     656.2164109406271564       0.9374026656150818
     656.2166110740494105       1.0535162650048733
     656.2168112074716646       0.9366622865200043
     656.2170113408939187       1.0174365025013685
     656.2172114743162865       1.0094449361786246
     656.2174116077385406       1.0127897551283240
     656.2176117411607947       0.9718605242669582
     656.2178118745830488       0.9632605798542500
     656.2180120080054166       1.0120071265846491
     656.2182121414276708       1.0360939912497997
     656.2184122748499249       1.0455638691782951
     656.2186124082721790       1.0529021024703979
     656.2188125416945468       0.9317718669772148
     656.2190126751168009       0.9959991234354675
     656.2192128085390550       1.0241229683160782
     656.2194129419613091       1.0181652605533600
     656.2196130753836769       1.0032068844884634
     656.2198132088059310       0.9944208096712828
     656.2200133422281851       1.0313834659755230
     656.2202134756504392       1.0666324645280838
     656.2204136090728070       1.0310011003166437
     656.2206137424950612       0.9444193579256535
     656.2208138759173153       1.0525985173881054
     656.2210140093395694       0.9608453772962093
     656.2212141427619372       0.9326687455177307
     656.2214142761841913       1.0163392648100853
     656.2216144096064454       0.9615356996655464
     656.2218145430286995       1.0213942807167768
     656.2220146764509536       0.9651812799274921
     656.2222148098733214       0.9517231956124306
     656.2224149432955755       0.9368905350565910
     656.2226150767178297       0.9947251887060702
     656.2228152101400838       1.0408726222813129
     656.2230153435624516       1.0138257462531328
     656.2232154769847057       1.0388349704444408
     656.2234156104069598       1.0753174275159836
     656.2236157438292139       1.0582424476742744
     656.2238158772515817       1.0063739940524101
     656.2240160106738358       0.9753060173243284
     656.2242161440960899       0.9876071801409125
     656.2244162775183440       0.9187323078513145
     656.2246164109407118       0.9486784078180790
     656.2248165443629659       0.9520664550364017
     656.2250166777852201       0.9719178695231676
     656.2252168112074742       1.0278228968381882
     656.2254169446298420       0.9861566824838519
     656.2256170780520961       0.9893270097672939
     656.2258172114743502       0.9602633379399776
     656.2260173448966043       0.9850200563669205
     656.2262174783189721       0.9529484994709492
     656.2264176117412262       1.0279163755476475
     656.2266177451634803       1.1007617637515068
     656.2268178785857344       1.0558154843747616
     656.2270180120081022       0.9683537632226944
     656.2272181454303563       1.0206141900271177
     656.2274182788526105       1.0182701982557774
     656.2276184122748646       1.0225374493747950
     656.2278185456971187       1.0190817918628454
     656.2280186791194865       1.0411154441535473
     656.2282188125417406       0.9357931017875671
     656.2284189459639947       1.0751018747687340
     656.2286190793862488       0.9358250424265862
     656.2288192128086166       1.0019943078514189
     656.2290193462308707       0.9900416359305382
     656.2292194796531248       1.0472534708678722
     656.2294196130753789       1.0456948168575764
     656.2296197464977467       1.0252743419259787
     656.2298198799200009       0.9832665417343378
     656.2300200133422550       0.9963535114657134
     656.2302201467645091       1.0187057014554739
     656.2304202801868769       0.9263721033930779
     656.2306204136091310       0.9821330141276121
     656.2308205470313851       0.9744222611188889
     656.2310206804536392       1.0087351603433490
     656.2312208138760070       1.0200638640671968
     656.2314209472982611       0.9923292696475983
     656.2316210807205152       0.9772769380360842
     656.2318212141427693       1.0488443337380886
     656.2320213475651371       1.0024240331258625
     656.2322214809873913       1.0952362343668938
     656.2324216144096454       1.0130448359996080
     656.2326217478318995       0.9231865331530571
     656.2328218812541536       1.0498022921383381
     656.2330220146765214       1.0437967106699944
     656.2332221480987755       1.0670031383633614
     656.2334222815210296       1.0747175738215446
     656.2336224149432837       0.9699768740683794
     656.2338225483656515       1.0063282395713031
     656.2340226817879056       1.0153986355289817
     656.2342228152101598       1.0307522099465132
     656.2344229486324139       1.0144354728981853
     656.2346230820547817       0.9981543013127521
     656.2348232154770358       1.0208184923976660
     656.2350233488992899       1.0040100761689246
     656.2352234823215440       1.0071511277928948
     656.2354236157439118       0.8863764405250549
     656.2356237491661659       1.0494522377848625
     656.2358238825884200       0.9769117515534163
     656.2360240160106741       0.9827772304415703
     656.2362241494330419       1.0579582117497921
     656.2364242828552960       0.9571650288999081
     656.2366244162775502       0.9973033985588700
     656.2368245496998043       1.0137357786297798
     656.2370246831221721       0.9071791395545006
     656.2372248165444262       0.9669561572372913
     656.2374249499666803       0.9497137852013111
     656.2376250833889344       1.0134485689923167
     656.2378252168113022       1.0169145148247480
     656.2380253502335563       1.0132390130311251
     656.2382254836558104       0.9696916583925486
     656.2384256170780645       0.9490953125059605
     656.2386257505003186       0.9869634108617902
     656.2388258839226864       0.9839008040726185
     656.2390260173449406       1.0024724414106458
     656.2392261507671947       1.0227985456585884
     656.2394262841894488       0.9550284482538700
     656.2396264176118166       0.9931579926051199
     656.2398265510340707       1.0582964830100536
     656.2400266844563248       0.9885839857161045
     656.2402268178785789       1.0527543313801289
     656.2404269513009467       0.9413090683519840
     656.2406270847232008       1.0025570413563401
     656.2408272181454549       0.9963205393869430
     656.2410273515677090       1.0290776081383228
     656.2412274849900768       1.0458256900310516
     656.2414276184123310       0.9592293128371239
     656.2416277518345851       0.9499727897346020
     656.2418278852568392       0.9672118499875069
     656.2420280186792070       1.0592140220105648
     656.2422281521014611       0.9539227783679962
     656.2424282855237152       1.0359555184841156
     656.2426284189459693       1.0578329637646675
     656.2428285523683371       0.9676981754601002
     656.2430286857905912       1.0214014202356339
     656.2432288192128453       0.9532277919352055
     656.2434289526350994       0.9120680838823318
     656.2436290860574672       1.0466442070901394
     656.2438292194797214       0.9019984528422356
     656.2440293529019755       0.9819359313696623
     656.2442294863242296       1.0595263913273811
     656.2444296197464837       0.9515664912760258
     656.2446297531688515       0.9386675283312798
     656.2448298865911056       0.9439646303653717
     656.2450300200133597       1.0961522161960602
     656.2452301534356138       0.9931343873031437
     656.2454302868579816       1.0004509477003012
     656.2456304202802357       1.0788797363638878
     656.2458305537024899       0.9335133060812950
     656.2460306871247440       0.8887972310185432
     656.2462308205471118       0.9759434349834919
     656.2464309539693659       0.8666998893022537
     656.2466310873916200       0.9803012441843748
     656.2468312208138741       1.0091679720208049
     656.2470313542362419       1.0435840748250484
     656.2472314876584960       0.9898739820346236
     656.2474316210807501       1.0085387863218784
     656.2476317545030042       1.0772491544485092
     656.2478318879253720       1.0970754325389862
     656.2480320213476261       0.8866022005677223
     656.2482321547698803       1.0206902828067541
     656.2484322881921344       1.0478287413716316
     656.2486324216145022       1.0017743002390489
     656.2488325550367563       1.0565217137336731
     656.2490326884590104       1.0066299163736403
     656.2492328218812645       0.9621978029608727
     656.2494329553035186       0.8570711165666580
     656.2496330887258864       0.9371343031525612
     656.2498332221481405       1.0000171604278876
     656.2500333555703946       0.9997528849926312
     656.2502334889926487       0.9731426630169153
     656.2504336224150165       0.9606079049408436
     656.2506337558372707       0.9842637646943331
     656.2508338892595248       0.9810945745557547
     656.2510340226817789       1.0009110809187405
     656.2512341561041467       1.0089825009927154
     656.2514342895264008       1.0055834702216089
     656.2516344229486549       0.8913485184311867
     656.2518345563709090       1.1024196520447731
     656.2520346897932768       1.0035501343663782
     656.2522348232155309       1.0031770386267453
     656.2524349566377850       0.9839721433818340
     656.2526350900600391       0.9940431811846793
     656.2528352234824069       0.9483044072985649
     656.2530353569046611       1.0440383069217205
     656.2532354903269152       1.0057231071405113
     656.2534356237491693       0.8958331346511841
     656.2536357571715371       0.9507625289261341
     656.2538358905937912       1.1081903353333473
     656.2540360240160453       0.9641189984977245
     656.2542361574382994       0.9479277431964874
     656.2544362908606672       0.9635893292725086
     656.2546364242829213       0.9626237638294697
     656.2548365577051754       1.0301240719854832
     656.2550366911274295       1.1135062724351883
     656.2552368245496837       1.0557737611234188
     656.2554369579720515       1.0198780205100775
     656.2556370913943056       0.9783909600228071
     656.2558372248165597       0.9199033901095390
     656.2560373582388138       0.8799120038747787
     656.2562374916611816       1.0664316117763519
     656.2564376250834357       1.0194317512214184
     656.2566377585056898       0.9706998821347952
     656.2568378919279439       0.9299153983592987
     656.2570380253503117       1.0567159056663513
     656.2572381587725658       0.9828908219933510
     656.2574382921948200       1.0149957435205579
     656.2576384256170741       1.0369975380599499
     656.2578385590394419       0.9670546464622021
     656.2580386924616960       1.0362484417855740
     656.2582388258839501       0.9037608951330185
     656.2584389593062042       1.0621039941906929
     656.2586390927285720       1.0113321859389544
     656.2588392261508261       0.9749587532132864
     656.2590393595730802       0.9531878829002380
     656.2592394929953343       1.0572187714278698
     656.2594396264177021       1.0606302693486214
     656.2596397598399562       0.9803680349141359
     656.2598398932622104       1.0303148087114096
     656.2600400266844645       0.9068593680858612
     656.2602401601067186       1.0048245810903609
     656.2604402935290864       1.0321018360555172
     656.2606404269513405       1.1179909929633141
     656.2608405603735946       0.9944304097443819
     656.2610406937958487       1.0467369034886360
     656.2612408272182165       1.0244531016796827
     656.2614409606404706       0.8784048408269882
     656.2616410940627247       1.0381555072963238
     656.2618412274849788       0.9682271033525467
     656.2620413609073466       0.9414616934955120
     656.2622414943296008       1.0934498757123947
     656.2624416277518549       0.9652815721929073
     656.2626417611741090       0.9472775869071484
     656.2628418945964768       0.9523634798824787
     656.2630420280187309       0.9085776805877686
     656.2632421614409850       1.0463863164186478
     656.2634422948632391       1.0365018025040627
     656.2636424282856069       0.9478913880884647
     656.2638425617078610       1.0906617864966393
     656.2640426951301151       0.9248147979378700
     656.2642428285523692       0.9410463199019432
     656.2644429619747370       0.9206323027610779
     656.2646430953969912       0.9594813808798790
     656.2648432288192453       0.9513253085315228
     656.2650433622414994       0.9521004855632782
     656.2652434956638672       0.9920877488330007
     656.2654436290861213       1.0026653714012355
     656.2656437625083754       1.0559047423303127
     656.2658438959306295       0.9559978209435940
     656.2660440293528836       1.0075774700380862
     656.2662441627752514       1.0235616918653250
     656.2664442961975055       1.0592625029385090
     656.2666444296197596       0.9313957840204239
     656.2668445630420138       1.0146135883405805
     656.2670446964643816       0.9103856086730957
     656.2672448298866357       1.0311694871634245
     656.2674449633088898       0.9306410551071167
     656.2676450967311439       0.9059564843773842
     656.2678452301535117       0.9809479657560587
     656.2680453635757658       1.0549614429473877
     656.2682454969980199       1.0103248693048954
     656.2684456304202740       0.9233106523752213
     656.2686457638426418       0.9991240049712360
     656.2688458972648959       1.0411566719412804
     656.2690460306871501       0.9757715892046690
     656.2692461641094042       0.9828996676951647
     656.2694462975317720       1.0062902569770813
     656.2696464309540261       0.9613789170980453
     656.2698465643762802       1.0241698361933231
     656.2700466977985343       0.9595156498253345
     656.2702468312209021       1.0757207795977592
     656.2704469646431562       0.9921393515542150
     656.2706470980654103       0.9768403638154268
     656.2708472314876644       1.0454849228262901
     656.2710473649099185       1.0122072985395789
     656.2712474983322863       1.0713267847895622
     656.2714476317545405       1.1050827279686928
     656.2716477651767946       1.0133791211992502
     656.2718478985990487       0.9567103274166584
     656.2720480320214165       0.9336006566882133
     656.2722481654436706       0.9906488182023168
     656.2724482988659247       0.8812976554036140
     656.2726484322881788       0.9950033440254629
     656.2728485657105466       0.9393580071628094
     656.2730486991328007       0.9789039231836796
     656.2732488325550548       0.9643021859228611
     656.2734489659773089       0.9514053389430046
     656.2736490993996767       0.9533756785094738
     656.2738492328219309       0.9676711633801460
     656.2740493662441850       0.9568036645650864
     656.2742494996664391       0.9741632454097271
     656.2744496330888069       1.0039741182699800
     656.2746497665110610       0.9062469154596329
     656.2748498999333151       1.0231187697499990
     656.2750500333555692       0.9083455651998520
     656.2752501667779370       0.8841697573661804
     656.2754503002001911       1.0631195604801178
     656.2756504336224452       0.9577060677111149
     656.2758505670446993       0.9657227583229542
     656.2760507004670671       0.9504434317350388
     656.2762508338893213       1.0204388201236725
     656.2764509673115754       1.0197220910340548
     656.2766511007338295       0.9808473549783230
     656.2768512341560836       1.0209602676331997
     656.2770513675784514       1.0210455227643251
     656.2772515010007055       0.9709941167384386
     656.2774516344229596       0.9421092793345451
     656.2776517678452137       0.8731590658426285
     656.2778519012675815       1.0992749333381653
     656.2780520346898356       0.9902258263900876
     656.2782521681120897       0.9882880272343755
     656.2784523015343439       1.0670808553695679
     656.2786524349567117       1.0200390946120024
     656.2788525683789658       1.0571753047406673
     656.2790527018012199       0.9913769904524088
     656.2792528352234740       1.0232035610824823
     656.2794529686458418       0.9996044976578560
     656.2796531020680959       1.0435678921639919
     656.2798532354903500       1.0322828441858292
     656.2800533689126041       1.0122089274227619
     656.2802535023349719       1.1048867478966713
     656.2804536357572260       1.0688984021544456
     656.2806537691794802       1.0765814557671547
     656.2808539026017343       1.0075646052137017
     656.2810540360241021       1.0411280170083046
     656.2812541694463562       0.9596446044743061
     656.2814543028686103       1.0352795124053955
     656.2816544362908644       1.0195904802531004
     656.2818545697131185       1.0197670478373766
     656.2820547031354863       1.0562378652393818
     656.2822548365577404       0.9581165984272957
     656.2824549699799945       0.9578944928944111
     656.2826551034022486       1.0256384648382664
     656.2828552368246164       0.9942751508206129
     656.2830553702468706       1.0112925171852112
     656.2832555036691247       0.9633246250450611
     656.2834556370913788       1.0856186076998711
     656.2836557705137466       0.9532478936016560
     656.2838559039360007       1.0662429109215736
     656.2840560373582548       0.9237357452511787
     656.2842561707805089       1.0432220064103603
     656.2844563042028767       1.0257079750299454
     656.2846564376251308       0.9677642919123173
     656.2848565710473849       0.9863179409876466
     656.2850567044696390       1.0714811682701111
     656.2852568378920068       1.0402299724519253
     656.2854569713142610       0.9631968177855015
     656.2856571047365151       0.9844465730711818
     656.2858572381587692       0.9346313923597336
     656.2860573715811370       1.0693059191107750
     656.2862575050033911       0.8688311576843262
     656.2864576384256452       1.0112879062071443
     656.2866577718478993       0.9896308667957783
     656.2868579052702671       0.9908385816961527
     656.2870580386925212       1.1240395084023476
     656.2872581721147753       1.0159350913017988
     656.2874583055370294       0.9568285606801510
     656.2876584389592836       0.9703475497663021
     656.2878585723816514       0.9120735302567482
     656.2880587058039055       1.0314461328089237
     656.2882588392261596       1.0086553115397692
     656.2884589726484137       0.9164446294307709
     656.2886591060707815       1.0187435876578093
     656.2888592394930356       1.0230010654777288
     656.2890593729152897       0.9851325200870633
     656.2892595063375438       1.0075979060493410
     656.2894596397599116       0.9740615896880627
     656.2896597731821657       0.9309539496898651
     656.2898599066044198       0.9013909995555878
     656.2900600400266740       0.9436294473707676
     656.2902601734490418       0.9614826031029224
     656.2904603068712959       1.1164927259087563
     656.2906604402935500       1.0203635301440954
     656.2908605737158041       1.1056512147188187
     656.2910607071381719       0.9725046567618847
     656.2912608405604260       1.0706821009516716
     656.2914609739826801       0.9902612427249551
     656.2916611074049342       0.9234191253781319
     656.2918612408273020       1.0690485909581184
     656.2920613742495561       1.0099608125165105
     656.2922615076718103       0.9828385058790445
     656.2924616410940644       1.1101172342896461
     656.2926617745164322       1.0402876660227776
     656.2928619079386863       1.0586014091968536
     656.2930620413609404       1.0271308515220881
     656.2932621747831945       1.0485104881227016
     656.2934623082054486       1.0172538682818413
     656.2936624416278164       0.9998186044103932
     656.2938625750500705       0.9945727759040892
     656.2940627084723246       0.9625963978469372
     656.2942628418945787       0.9563550315797329
     656.2944629753169465       1.0863913893699646
     656.2946631087392007       0.9868216076865792
     656.2948632421614548       0.9753994531929493
     656.2950633755837089       0.9579005353152752
     656.2952635090060767       1.0277359019964933
     656.2954636424283308       0.8751889690756798
     656.2956637758505849       0.9168570414185524
     656.2958639092728390       1.0471725910902023
     656.2960640426952068       0.9520395733416080
     656.2962641761174609       0.8985386341810226
     656.2964643095397150       1.0612198784947395
     656.2966644429619691       1.0456080101430416
     656.2968645763843369       0.9783224891871214
     656.2970647098065911       0.8902900069952011
     656.2972648432288452       0.9666609317064285
     656.2974649766510993       1.0131560405716300
     656.2976651100734671       0.9690260495990515
     656.2978652434957212       0.9605295099318027
     656.2980653769179753       0.9704148042947054
     656.2982655103402294       0.9468797668814659
     656.2984656437624835       1.0247922185808420
     656.2986657771848513       1.0344392098486423
     656.2988659106071054       0.9981872640782967
     656.2990660440293595       0.9959184210747480
     656.2992661774516137       0.9831221327185631
     656.2994663108739815       1.0802817493677139
     656.2996664442962356       1.0562613718211651
     656.2998665777184897       0.9949105745181441
     656.3000667111407438       1.0152964740991592
     656.3002668445631116       1.0309232566505671
     656.3004669779853657       1.0408131591975689
     656.3006671114076198       0.9547176025807858
     656.3008672448298739       1.0371466986835003
     656.3010673782522417       0.9872395629063249
     656.3012675116744958       0.9907064344733953
     656.3014676450967499       0.9343941882252693
     656.3016677785190041       1.0059476350434124
     656.3018679119413719       1.0499928966164589
     656.3020680453636260       0.9679367393255234
     656.3022681787858801       0.9415210112929344
     656.3024683122081342       1.0236955303698778
     656.3026684456305020       1.0303531829267740
     656.3028685790527561       1.0206380654126406
     656.3030687124750102       1.0072392672300339
     656.3032688458972643       0.9362427219748497
     656.3034689793196321       1.0106506254523993
     656.3036691127418862       0.9963141016196460
     656.3038692461641403       1.1003677770495415
     656.3040693795863945       0.9456143788993359
     656.3042695130086486       1.0569016523659229
     656.3044696464310164       0.9891161639243364
     656.3046697798532705       1.0978818684816360
     656.3048699132755246       0.9900396978482604
     656.3050700466977787       1.0386006459593773
     656.3052701801201465       0.9512568898499012
     656.3054703135424006       1.1391981840133667
     656.3056704469646547       1.0378047078847885
     656.3058705803869088       0.9098901748657227
     656.3060707138092766       1.0857850834727287
     656.3062708472315308       0.9669839143753052
     656.3064709806537849       0.9755272585898638
     656.3066711140760390       1.0433444492518902
     656.3068712474984068       1.0104985479265451
     656.3070713809206609       0.9790270440280437
     656.3072715143429150       0.9891967279836535
     656.3074716477651691       1.0401770360767841
     656.3076717811875369       0.9933987027034163
     656.3078719146097910       1.0528125464916229
     656.3080720480320451       0.9799375701695680
     656.3082721814542992       0.9596506953239440
     656.3084723148766670       0.9104080870747564
     656.3086724482989212       1.0502266362309451
     656.3088725817211753       0.9911060640588397
     656.3090727151434294       0.9505563639104359
     656.3092728485656835       0.9113893434405315
     656.3094729819880513       1.0055322153493744
     656.3096731154103054       0.9190920814871761
     656.3098732488325595       1.0167291294783314
     656.3100733822548136       1.0147188557311835
     656.3102735156771814       1.0127385398372921
     656.3104736490994355       0.9878772404044738
     656.3106737825216896       0.9738985169678737
     656.3108739159439438       0.9532487392425258
     656.3110740493663116       0.9287985116242953
     656.3112741827885657       0.9761943034827110
     656.3114743162108198       0.9399308897554000
     656.3116744496330739       0.9570753797887481
     656.3118745830554417       0.9760019313542183
     656.3120747164776958       0.9912490202111301
     656.3122748498999499       1.0519658438857489
     656.3124749833222040       0.9634839035565023
     656.3126751167445718       1.0676324591032558
     656.3128752501668259       0.9745397865760690
     656.3130753835890800       1.0411685816927101
     656.3132755170113342       1.0485412701940755
     656.3134756504337020       0.9989020506584898
     656.3136757838559561       0.9357554092955470
     656.3138759172782102       0.9630181454054320
     656.3140760507004643       0.8940728530191974
     656.3142761841228321       1.0789610072835345
     656.3144763175450862       0.9864377388540693
     656.3146764509673403       1.0345748997958220
     656.3148765843895944       0.9627488292380690
     656.3150767178118485       0.9739138036445584
     656.3152768512342163       0.9498433991541488
     656.3154769846564704       1.0292702148592470
     656.3156771180787246       0.9783187078778924
     656.3158772515009787       0.9613189062037122
     656.3160773849233465       0.9614706670068347
     656.3162775183456006       1.0701842751421498
     656.3164776517678547       0.9608466061402310
     656.3166777851901088       1.0435994074332950
     656.3168779186124766       1.0454595340356951
     656.3170780520347307       1.0103618601615025
     656.3172781854569848       0.9677918685033297
     656.3174783188792389       1.0334687209492515
     656.3176784523016067       1.0003610751295615
     656.3178785857238609       0.9869846537781131
     656.3180787191461150       1.0333464460681836
     656.3182788525683691       1.0258794796820849
     656.3184789859907369       1.0416860365491023
     656.3186791194129910       0.9795265358058686
     656.3188792528352451       1.0372055771898445
     656.3190793862574992       0.9889801804537852
     656.3192795196798670       0.9929854030499614
     656.3194796531021211       0.9818139767769847
     656.3196797865243752       0.9659688619039829
     656.3198799199466293       1.0557606040842509
     656.3200800533688835       1.0272552948972893
     656.3202801867912513       1.1092875153131512
     656.3204803202135054       0.9596752362207541
     656.3206804536357595       1.0462997901134421
     656.3208805870580136       0.9976960517980514
     656.3210807204803814       1.1142154519899619
     656.3212808539026355       0.9697055634572441
     656.3214809873248896       0.9353842900203785
     656.3216811207471437       0.9505388525095637
     656.3218812541695115       0.9357701902134523
     656.3220813875917656       0.9946482049045736
     656.3222815210140197       0.9271944222389970
     656.3224816544362739       1.0016625055242869
     656.3226817878586417       1.0812363407780019
     656.3228819212808958       0.9714420860716888
     656.3230820547031499       0.9352801650855874
     656.3232821881254040       0.8959479924725386
     656.3234823215477718       0.9848957597089348
     656.3236824549700259       0.9944781594265130
     656.3238825883922800       1.0263943215626727
     656.3240827218145341       0.9797202842146340
     656.3242828552369019       0.9967735534941060
     656.3244829886591560       1.0176151723406845
     656.3246831220814101       1.0196256946940605
     656.3248832555036643       0.9192923863394101
     656.3250833889260321       1.0259323747283111
     656.3252835223482862       0.9800121096945263
     656.3254836557705403       1.0144024490946018
     656.3256837891927944       0.9481019370237148
     656.3258839226150485       1.0124928585923034
     656.3260840560374163       0.9896439855210838
     656.3262841894596704       0.9486965029540805
     656.3264843228819245       1.0504680639497848
     656.3266844563041786       1.0682271901415947
     656.3268845897265464       0.9891481542546370
     656.3270847231488005       0.9865636119749415
     656.3272848565710547       0.9806015191255616
     656.3274849899933088       0.9115216109083326
     656.3276851234156766       0.9013342284124253
     656.3278852568379307       1.0163331669458173
     656.3280853902601848       0.9466546753136045
     656.3282855236824389       1.0140412658374922
     656.3284856571048067       0.8918807307968600
     656.3286857905270608       1.0631680001688171
     656.3288859239493149       1.0206625719743974
     656.3290860573715690       1.0389329424023055
     656.3292861907939368       0.9582714282410003
     656.3294863242161910       1.0373273697724381
     656.3296864576384451       1.0308157142893424
     656.3298865910606992       0.9666635683652102
     656.3300867244830670       1.0730293055322688
     656.3302868579053211       0.9858048096681804
     656.3304869913275752       1.0668957414085201
     656.3306871247498293       1.0906422108275104
     656.3308872581721971       0.9447856937255242
     656.3310873915944512       0.9595759960316903
     656.3312875250167053       1.0046224919203983
     656.3314876584389594       1.0215233210129868
     656.3316877918612136       0.9186197256471379
     656.3318879252835814       1.0461853141110384
     656.3320880587058355       1.0637460282282800
     656.3322881921280896       1.0058420533712493
     656.3324883255503437       0.9864029124816908
     656.3326884589727115       0.9528886825813425
     656.3328885923949656       0.9421292529180827
     656.3330887258172197       0.8794008322584781
     656.3332888592394738       0.9411913431145782
     656.3334889926618416       1.0028488052066871
     656.3336891260840957       0.8629675707244445
     656.3338892595063498       0.9903722208356283
     656.3340893929286040       0.8382108704746869
     656.3342895263509718       0.9723130756798751
     656.3344896597732259       1.0548068804217787
     656.3346897931954800       1.0002973422191053
     656.3348899266177341       0.8932733224111110
     656.3350900600401019       0.9099891803349862
     656.3352901934623560       0.9700331426141336
     656.3354903268846101       0.9030873870016409
     656.3356904603068642       0.9105250209605487
     656.3358905937292320       0.9596027061443739
     656.3360907271514861       0.8818683128469511
     656.3362908605737402       0.8556676776863271
     656.3364909939959944       0.8804678269904944
     656.3366911274182485       0.8854328381642685
     656.3368912608406163       0.8399397430445430
     656.3370913942628704       0.9252706628440056
     656.3372915276851245       0.9095367557134018
     656.3374916611073786       0.7704641908938009
     656.3376917945297464       0.9022061525318493
     656.3378919279520005       0.8964195197212677
     656.3380920613742546       0.9356333780886666
     656.3382921947965087       0.9659476787534751
     656.3384923282188765       0.8552244717036994
     656.3386924616411306       0.8669979647020967
     656.3388925950633848       0.8387587212179600
     656.3390927284856389       0.8382862757080753
     656.3392928619080067       0.8217521826500622
     656.3394929953302608       0.8252076332349463
     656.3396931287525149       0.7401139076843811
     656.3398932621747690       0.8355276302716488
     656.3400933955971368       0.8005570703318690
     656.3402935290193909       0.7448794551229438
     656.3404936624416450       0.8204591349232661
     656.3406937958638991       0.7428782793377009
     656.3408939292862669       0.8715537064712467
     656.3410940627085211       0.9047784602238178
     656.3412941961307752       0.8383237279961431
     656.3414943295530293       0.7740504663052610
     656.3416944629753971       0.8008945105497127
     656.3418945963976512       0.7580428988296313
     656.3420947298199053       0.8311914813331563
     656.3422948632421594       0.8129786627588020
     656.3424949966644135       0.7459898703474579
     656.3426951300867813       0.6943073467422178
     656.3428952635090354       0.7860916185005633
     656.3430953969312895       0.8232473550512688
     656.3432955303535437       0.8336133021506613
     656.3434956637759115       0.9062646122909217
     656.3436957971981656       0.8028567363884458
     656.3438959306204197       0.8239201961559156
     656.3440960640426738       0.8894120355627371
     656.3442961974650416       0.8553859755008713
     656.3444963308872957       0.8071533590074643
     656.3446964643095498       0.8395434210434224
     656.3448965977318039       0.8920997883764401
     656.3450967311541717       0.8469235744818993
     656.3452968645764258       0.8855916656581430
     656.3454969979986799       0.7718861849960693
     656.3456971314209341       0.8032758122991328
     656.3458972648433019       0.9497893212530901
     656.3460973982655560       0.8780707934025913
     656.3462975316878101       0.8469261433027357
     656.3464976651100642       0.9094846898352473
     656.3466977985324320       0.8830342121413519
     656.3468979319546861       0.8408610819167666
     656.3470980653769402       0.9545612280410679
     656.3472981987991943       0.8753921008407256
     656.3474983322214484       0.9919998889108527
     656.3476984656438162       0.9132710406918173
     656.3478985990660703       0.8756970975767954
     656.3480987324883245       0.8787821967424218
     656.3482988659105786       0.9645206283700836
     656.3484989993329464       0.9553714039608506
     656.3486991327552005       0.9241839645341587
     656.3488992661774546       0.9702458916256075
     656.3490993995997087       1.0057489794927981
     656.3492995330220765       0.9920631113351542
     656.3494996664443306       1.0115318563194071
     656.3496997998665847       0.9784121714362387
     656.3498999332888388       1.0621561496130956
     656.3501000667112066       0.9517503607291977
     656.3503002001334607       1.0790307865647035
     656.3505003335557149       0.8711851851410566
     656.3507004669779690       1.0202682706116486
     656.3509006004003368       0.9989053272647391
     656.3511007338225909       1.0479793537712645
     656.3513008672448450       0.9653408416194070
     656.3515010006670991       1.0211621459474722
     656.3517011340894669       0.9609333030328925
     656.3519012675117210       0.9740302437989855
     656.3521014009339751       0.9594754956113452
     656.3523015343562292       0.9862523096314483
     656.3525016677785970       1.0285732994739107
     656.3527018012008512       0.9192319388785307
     656.3529019346231053       1.0047054639104063
     656.3531020680453594       0.9671709281028543
     656.3533022014676135       1.0494264847221206
     656.3535023348899813       1.0475977093427078
     656.3537024683122354       0.9686564684425453
     656.3539026017344895       1.0012102133868894
     656.3541027351567436       1.0739737452455302
     656.3543028685791114       1.0570128033314485
     656.3545030020013655       0.9842540906096570
     656.3547031354236196       0.9739010622250868
     656.3549032688458738       1.0290318624372923
     656.3551034022682416       0.9156645764171395
     656.3553035356904957       1.0558615837491709
     656.3555036691127498       1.0582492745466565
     656.3557038025350039       1.0088774454659910
     656.3559039359573717       0.9753272666098640
     656.3561040693796258       0.9400216841915888
     656.3563042028018799       0.9651160704244177
     656.3565043362241340       1.0430490753915660
     656.3567044696465018       1.0176368768992914
     656.3569046030687559       1.0032026640380813
     656.3571047364910100       1.0425203775736462
     656.3573048699132642       0.9680839866433405
     656.3575050033356320       0.9914091846623452
     656.3577051367578861       0.9418875331985261
     656.3579052701801402       0.9729522068266897
     656.3581054036023943       0.9852162412059815
     656.3583055370246484       0.9314073571779892
     656.3585056704470162       0.9595272955299948
     656.3587058038692703       1.0365762173468347
     656.3589059372915244       0.8920768527514598
     656.3591060707137785       1.0043719860251799
     656.3593062041361463       0.9600503281479759
     656.3595063375584004       1.0168316096844823
     656.3597064709806546       1.0520424350383504
     656.3599066044029087       1.0912137158125184
     656.3601067378252765       1.0089748969490220
     656.3603068712475306       1.0189390870747672
     656.3605070046697847       0.9074804158209610
     656.3607071380920388       0.9653893399615067
     656.3609072715144066       0.9947650572325974
     656.3611074049366607       0.9589193753620336
     656.3613075383589148       0.9814608699922462
     656.3615076717811689       0.9976333400755871
     656.3617078052035367       1.0001799946665799
     656.3619079386257908       1.0445965906305603
     656.3621080720480450       0.9194584924932314
     656.3623082054702991       0.9346558271591162
     656.3625083388926669       0.9457978979592218
     656.3627084723149210       0.9799806511673088
     656.3629086057371751       0.9282460527481662
     656.3631087391594292       0.9712596748835783
     656.3633088725817970       1.0521482224692564
     656.3635090060040511       1.0114196693047477
     656.3637091394263052       0.9148800843104595
     656.3639092728485593       1.0494415344920824
     656.3641094062708135       1.0134455769557085
     656.3643095396931813       1.0424107209468367
     656.3645096731154354       0.9538984062127849
     656.3647098065376895       1.1310590831018574
     656.3649099399599436       0.9713684825465788
     656.3651100733823114       0.9214892691952652
     656.3653102068045655       0.8655498126193848
     656.3655103402268196       1.0382214709763935
     656.3657104736490737       1.1084962086824346
     656.3659106070714415       1.0384663062059794
     656.3661107404936956       1.0369631930897931
     656.3663108739159497       1.0414793927226826
     656.3665110073382039       0.9977841920870761
     656.3667111407605717       1.0457633317969250
     656.3669112741828258       0.9715033616217236
     656.3671114076050799       0.8655309375912339
     656.3673115410273340       0.8792142493197007
     656.3675116744497018       0.9193960799088945
     656.3677118078719559       0.9161951242664673
     656.3679119412942100       1.0961024834831470
     656.3681120747164641       0.9045344143477195
     656.3683122081388319       0.9933053054395832
     656.3685123415610860       0.9807334784095648
     656.3687124749833401       1.0046718842119626
     656.3689126084055943       0.9609500393107469
     656.3691127418278484       1.0004189990751873
     656.3693128752502162       0.9745722431607006
     656.3695130086724703       0.9727925602288365
     656.3697131420947244       0.9539339430589119
     656.3699132755169785       1.0083388090104779
     656.3701134089393463       0.9374092444757227
     656.3703135423616004       0.9955302881994080
     656.3705136757838545       0.9730314034958724
     656.3707138092061086       1.0119313318275480
     656.3709139426284764       0.9699272960419643
     656.3711140760507305       1.0574816353615786
     656.3713142094729847       0.9558277465400792
     656.3715143428952388       0.9891888210548374
     656.3717144763176066       0.9380682297049869
     656.3719146097398607       1.0288750883191082
     656.3721147431621148       1.0097258882596580
     656.3723148765843689       1.0170649699866425
     656.3725150100067367       1.0695487409829858
     656.3727151434289908       1.0957700982689698
     656.3729152768512449       1.0220841653644930
     656.3731154102734990       0.9805043730884717
     656.3733155436958668       1.0027765806298654
     656.3735156771181209       1.1180100217461553
     656.3737158105403751       0.9204886332154252
     656.3739159439626292       0.9508914612233624
     656.3741160773849970       0.9341304972767820
     656.3743162108072511       0.9882703805342310
     656.3745163442295052       1.0666332617402072
     656.3747164776517593       0.9778151139616963
     656.3749166110740134       1.0386971943080423
     656.3751167444963812       1.0000497220571560
     656.3753168779186353       0.9569722786545752
     656.3755170113408894       1.0357237979769707
     656.3757171447631436       1.0124500729143620
     656.3759172781855113       0.9767892062664032
     656.3761174116077655       0.9573806412518024
     656.3763175450300196       0.8984928950667381
     656.3765176784522737       0.9898876165971160
     656.3767178118746415       1.0313589572906494
     656.3769179452968956       1.0282623805105686
     656.3771180787191497       0.9894595788791776
     656.3773182121414038       0.9619722031056881
     656.3775183455637716       1.0719115808606148
     656.3777184789860257       1.0377229340374470
     656.3779186124082798       0.9790187720209360
     656.3781187458305340       1.0094874044880271
     656.3783188792529018       1.0621425807476044
     656.3785190126751559       1.0669902637600899
     656.3787191460974100       1.0094227511435747
     656.3789192795196641       0.9469303414225578
     656.3791194129420319       0.9717971701174974
     656.3793195463642860       0.9826922286301851
     656.3795196797865401       0.9623724259436131
     656.3797198132087942       1.0642810389399529
     656.3799199466311620       0.9392748512327671
     656.3801200800534161       0.9962097611278296
     656.3803202134756702       1.0053413729183376
     656.3805203468979244       0.9713093806058168
     656.3807204803201785       1.0827762484550476
     656.3809206137425463       0.9613516032695770
     656.3811207471648004       0.9794820360839367
     656.3813208805870545       0.9983345633372664
     656.3815210140093086       0.9401750005781651
     656.3817211474316764       0.9881304651498795
     656.3819212808539305       1.0107940370216966
     656.3821214142761846       0.9872350776568055
     656.3823215476984387       0.9977628306951374
     656.3825216811208065       0.9686011560261250
     656.3827218145430606       0.9815366417169571
     656.3829219479653148       1.0112716136500239
     656.3831220813875689       0.9505270868539810
     656.3833222148099367       0.9333329200744629
     656.3835223482321908       1.0004065279499628
     656.3837224816544449       0.9202954396605492
     656.3839226150766990       1.0425214432179928
     656.3841227484990668       1.0321735180914402
     656.3843228819213209       1.0054088416509330
     656.3845230153435750       0.8651810437440872
     656.3847231487658291       1.0067871878854930
     656.3849232821881969       0.9974096149671823
     656.3851234156104510       0.9734007269144058
     656.3853235490327052       0.9842103663831949
     656.3855236824549593       0.9772447738796473
     656.3857238158772134       1.1003930345177650
     656.3859239492995812       1.0017786257667467
     656.3861240827218353       0.9699920173734426
     656.3863242161440894       0.9036432579159737
     656.3865243495663435       0.9165110886096954
     656.3867244829887113       1.0355092063546181
     656.3869246164109654       0.9787673112004995
     656.3871247498332195       0.9671555757522583
     656.3873248832554737       0.9651624597609043
     656.3875250166778414       1.0454990938305855
     656.3877251501000956       0.8801170065999031
     656.3879252835223497       0.9485419802367687
     656.3881254169446038       1.0575675368309021
     656.3883255503669716       1.0273935850709677
     656.3885256837892257       0.9347244873642921
     656.3887258172114798       1.0102368881925941
     656.3889259506337339       0.9398548528552055
     656.3891260840561017       1.0152922077104449
     656.3893262174783558       0.9295191541314125
     656.3895263509006099       0.9997377046965994
     656.3897264843228641       1.0112477885559201
     656.3899266177452319       0.9905626000836492
     656.3901267511674860       0.9681328386068344
     656.3903268845897401       0.9584363885223866
     656.3905270180119942       0.9592303335666656
     656.3907271514343620       0.9636640846729279
     656.3909272848566161       1.0364638529717922
     656.3911274182788702       0.9899541884660721
     656.3913275517011243       1.0643679723143578
     656.3915276851233784       0.9833747260272503
     656.3917278185457462       0.9888440091162920
     656.3919279519680003       1.0072637773118913
     656.3921280853902545       1.0757867023348808
     656.3923282188125086       1.0970619171857834
     656.3925283522348764       1.1006572023034096
     656.3927284856571305       0.9902678700163960
     656.3929286190793846       1.0236807093024254
     656.3931287525016387       1.0409624427556992
     656.3933288859240065       0.9651029035449028
     656.3935290193462606       1.0766393765807152
     656.3937291527685147       1.0105547038838267
     656.3939292861907688       0.9809269178658724
     656.3941294196131366       0.9870685720816255
     656.3943295530353907       0.9785859677940607
     656.3945296864576449       1.0391996875405312
     656.3947298198798990       0.9709599576890469
     656.3949299533022668       1.0332213602960110
     656.3951300867245209       0.9811174031347036
     656.3953302201467750       0.8974805548787117
     656.3955303535690291       0.9265507832169533
     656.3957304869913969       1.0020895551424474
     656.3959306204136510       0.9147702008485794
     656.3961307538359051       0.9557080790400505
     656.3963308872581592       1.0536083541810513
     656.3965310206804133       0.9595582149922848
     656.3967311541027811       1.1247146353125572
     656.3969312875250353       0.9776324331760406
     656.3971314209472894       0.9782641753554344
     656.3973315543695435       1.0024894836824387
     656.3975316877919113       0.9459838569164276
     656.3977318212141654       1.0034781971480697
     656.3979319546364195       1.1100566610693932
     656.3981320880586736       0.9597963914275169
     656.3983322214810414       1.0820898115634918
     656.3985323549032955       0.9955255943350494
     656.3987324883255496       0.9812219124287367
     656.3989326217478038       0.8993784636259079
     656.3991327551701715       0.9752357676625252
     656.3993328885924257       0.9563385620713234
     656.3995330220146798       1.0215054005384445
     656.3997331554369339       0.9804030135273933
     656.3999332888593017       0.9857482286170125
     656.4001334222815558       1.0728523731231689
     656.4003335557038099       0.9773473907262087
     656.4005336891260640       0.9817747939378023
     656.4007338225484318       1.0276442319154739
     656.4009339559706859       1.0476835072040558
     656.4011340893929400       0.9698061458766460
     656.4013342228151942       0.9999950420137793
     656.4015343562375620       1.0418975986540318
     656.4017344896598161       0.9152082577347755
     656.4019346230820702       1.0598668940365314
     656.4021347565043243       0.9696545023471117
     656.4023348899265784       1.0416835770010948
     656.4025350233489462       1.0273668076843023
     656.4027351567712003       0.9775731563568115
     656.4029352901934544       0.9727946724742651
     656.4031354236157085       1.0145053705200553
     656.4033355570380763       1.0305181648582220
     656.4035356904603304       0.9847650183364749
     656.4037358238825846       0.9664419442415237
     656.4039359573048387       0.9929162925109267
     656.4041360907272065       0.9492959789931774
     656.4043362241494606       0.9998120824748185
     656.4045363575717147       1.0044684386812150
     656.4047364909939688       0.9971530125476420
     656.4049366244163366       0.9556510709226131
     656.4051367578385907       0.9372555688023567
     656.4053368912608448       0.9673944041132927
     656.4055370246830989       1.1122430339455605
     656.4057371581054667       0.9325399473309517
     656.4059372915277208       0.9268236532807350
     656.4061374249499750       0.9525088965892792
     656.4063375583722291       1.0374184511601925
     656.4065376917945969       0.8230692893266678
     656.4067378252168510       0.9931037551723421
     656.4069379586391051       0.9301836863160133
     656.4071380920613592       1.0015926860505715
     656.4073382254836133       0.9747045394033194
     656.4075383589059811       0.9635643437504768
     656.4077384923282352       0.9766702950000763
     656.4079386257504893       1.0547368042171001
     656.4081387591727434       1.0785193517804146
     656.4083388925951112       1.0151304574683309
     656.4085390260173654       0.9743285235017538
     656.4087391594396195       0.9790079612284899
     656.4089392928618736       1.0478377304971218
     656.4091394262842414       0.9907521251589060
     656.4093395597064955       0.9471499361097813
     656.4095396931287496       1.0243011191487312
     656.4097398265510037       0.8800058364868164
     656.4099399599733715       0.9920163610950112
     656.4101400933956256       0.9724783841520548
     656.4103402268178797       1.0503596551716328
     656.4105403602401339       1.0886107310652733
     656.4107404936625016       0.9135585203766823
     656.4109406270847558       0.9841089844703674
     656.4111407605070099       1.0887053906917572
     656.4113408939292640       1.0271302442997694
     656.4115410273516318       1.0463519431650639
     656.4117411607738859       0.8831152766942978
     656.4119412941961400       1.0278662685304880
     656.4121414276183941       0.9858313156291842
     656.4123415610407619       0.9639525301754475
     656.4125416944630160       1.0149311069399118
     656.4127418278852701       1.0059755994006991
     656.4129419613075243       0.9713958892971277
     656.4131420947297784       0.9927636259235442
     656.4133422281521462       0.8651128113269806
     656.4135423615744003       0.9250152036547661
     656.4137424949966544       1.0094514405354857
     656.4139426284189085       1.0049278871156275
     656.4141427618412763       0.9732518810778856
     656.4143428952635304       1.0250798948109150
     656.4145430286857845       0.9667049981653690
     656.4147431621080386       0.9298127666115761
     656.4149432955304064       1.0500744692981243
     656.4151434289526605       1.1156713366508484
     656.4153435623749147       1.0071544446982443
     656.4155436957971688       0.8613015562295914
     656.4157438292195366       0.9821555204689503
     656.4159439626417907       1.0310240127146244
     656.4161440960640448       1.0528459325432777
     656.4163442294862989       1.0027790181338787
     656.4165443629086667       1.0018465158063918
     656.4167444963309208       1.0911929234862328
     656.4169446297531749       1.0746288523077965
     656.4171447631754290       0.9281516969203949
     656.4173448965977968       1.0071848630905151
     656.4175450300200509       0.9671099856495857
     656.4177451634423051       0.9333579838275909
     656.4179452968645592       0.9558343701064587
     656.4181454302869270       0.9515950866043568
     656.4183455637091811       0.9625060707330704
     656.4185456971314352       0.9980779557954520
     656.4187458305536893       1.0439170785248280
     656.4189459639759434       1.0545228607952595
     656.4191460973983112       0.9958030795678496
     656.4193462308205653       1.0379181578755379
     656.4195463642428194       0.9540041685104370
     656.4197464976650735       0.9183255657553673
     656.4199466310874413       1.0092650074511766
     656.4201467645096955       0.9876457657665014
     656.4203468979319496       1.0393176525831223
     656.4205470313542037       1.0139416400343180
     656.4207471647765715       0.9340456202626228
     656.4209472981988256       0.9705478120595217
     656.4211474316210797       1.1500770300626755
     656.4213475650433338       1.0064744944684207
     656.4215476984657016       0.9277335479855537
     656.4217478318879557       1.0798107162117958
     656.4219479653102098       0.9844130305573344
     656.4221480987324640       1.0344225130975246
     656.4223482321548317       0.9702086262404919
     656.4225483655770859       0.9802363961935043
     656.4227484989993400       1.0764298662543297
     656.4229486324215941       0.9923747656866908
     656.4231487658439619       0.9791015554219484
     656.4233488992662160       1.1033191606402397
     656.4235490326884701       1.0701183527708054
     656.4237491661107242       1.0410202406346798
     656.4239492995329783       0.9665443412959576
     656.4241494329553461       1.0026966880541295
     656.4243495663776002       0.9377506896853447
     656.4245496997998544       0.9019499346613884
     656.4247498332221085       0.9552637860178947
     656.4249499666444763       0.9556341506540775
     656.4251501000667304       0.9391778595745564
     656.4253502334889845       1.0588600300252438
     656.4255503669112386       1.0602713339030743
     656.4257505003336064       0.9514317326247692
     656.4259506337558605       0.9863143535330892
     656.4261507671781146       0.9079470336437225
     656.4263509006003687       0.8876570090651512
     656.4265510340227365       1.0374195687472820
     656.4267511674449906       1.0388794690370560
     656.4269513008672448       1.0245840530842543
     656.4271514342894989       0.9940612483769655
     656.4273515677118667       1.0199515726417303
     656.4275517011341208       0.9983685550978407
     656.4277518345563749       0.9634763784706593
     656.4279519679786290       0.9936126419343054
     656.4281521014009968       0.9332890659570694
     656.4283522348232509       0.9590232633054256
     656.4285523682455050       0.9917975049465895
     656.4287525016677591       0.9609160125255585
     656.4289526350901269       0.9967847529333085
     656.4291527685123810       0.9414743669331074
     656.4293529019346352       0.9996620794699993
     656.4295530353568893       1.0182522293180227
     656.4297531687791434       0.9938553194515407
     656.4299533022015112       1.0259139873087406
     656.4301534356237653       1.0272609796375036
     656.4303535690460194       1.0288162976503372
     656.4305537024682735       1.0947651937603951
     656.4307538358906413       0.9367452338337898
     656.4309539693128954       1.0295067634433508
     656.4311541027351495       1.0155584886670113
     656.4313542361574036       0.8934080451726913
     656.4315543695797714       1.0713256374001503
     656.4317545030020256       0.9492289908230305
     656.4319546364242797       0.9903963590040803
     656.4321547698465338       0.9790573809295893
     656.4323549032689016       1.0195853617042303
     656.4325550366911557       0.9989640766289085
     656.4327551701134098       1.0349923074245453
     656.4329553035356639       0.9953818521462381
     656.4331554369580317       0.9547075368463993
     656.4333555703802858       1.0290478151291609
     656.4335557038025399       1.0078183803707361
     656.4337558372247940       0.9676435366272926
     656.4339559706471618       0.9581466577947140
     656.4341561040694160       0.9329326748847961
     656.4343562374916701       1.0793631970882416
     656.4345563709139242       0.9494427926838398
     656.4347565043361783       0.9311640709638596
     656.4349566377585461       1.0155493887141347
     656.4351567711808002       1.0836888551712036
     656.4353569046030543       1.0484209544956684
     656.4355570380253084       1.0034345034509897
     656.4357571714476762       0.9154001027345657
     656.4359573048699303       1.0765509679913521
     656.4361574382921845       0.9446282386779785
     656.4363575717144386       1.0311586316674948
     656.4365577051368064       1.0146732730790973
     656.4367578385590605       1.0160002782940865
     656.4369579719813146       0.9997914611158194
     656.4371581054035687       0.9005469381809235
     656.4373582388259365       0.8985973000526428
     656.4375583722481906       0.9097206592559814
     656.4377585056704447       0.9755935166031122
     656.4379586390926988       1.0475501567125320
     656.4381587725150666       0.9443345181643963
     656.4383589059373207       1.0056765000335872
     656.4385590393595749       1.0478388890624046
     656.4387591727818290       0.9689410626888275
     656.4389593062041968       0.9401052594184875
     656.4391594396264509       0.9643913991749287
     656.4393595730487050       1.0330855660140514
     656.4395597064709591       0.9007063955068588
     656.4397598398933269       1.0581019595265388
     656.4399599733155810       1.0095558082684875
     656.4401601067378351       0.9630765877664089
     656.4403602401600892       1.0561608374118805
     656.4405603735823433       0.9932662113569677
     656.4407605070047111       0.9887855295091867
     656.4409606404269653       1.0170114897191525
     656.4411607738492194       0.9954253556206822
     656.4413609072714735       0.9935222906060517
     656.4415610406938413       1.0083594415336847
     656.4417611741160954       0.9654993303120136
     656.4419613075383495       1.0025726386811584
     656.4421614409606036       1.0063415556214750
     656.4423615743829714       0.9704953432083130
     656.4425617078052255       0.9870112864300609
     656.4427618412274796       1.0692402943968773
     656.4429619746497337       0.9801656771451235
     656.4431621080721015       1.0519926361739635
     656.4433622414943557       1.0339981578290462
     656.4435623749166098       1.0388759002089500
     656.4437625083388639       1.0448326058685780
     656.4439626417612317       1.0925062298774719
     656.4441627751834858       0.9980832298751920
     656.4443629086057399       1.0281646903604269
     656.4445630420279940       0.9628137424588203
     656.4447631754503618       1.0123125864192843
     656.4449633088726159       1.0008576541440561
     656.4451634422948700       0.9157053604722023
     656.4453635757171241       1.0679080560803413
     656.4455637091393783       0.9334830865263939
     656.4457638425617461       1.0205808337777853
     656.4459639759840002       1.0252486411482096
     656.4461641094062543       0.8711987435817719
     656.4463642428285084       1.0580203793942928
     656.4465643762508762       0.9864457258954644
     656.4467645096731303       1.0494677796959877
     656.4469646430953844       1.0513177588582039
     656.4471647765176385       1.0594624467194080
     656.4473649099400063       1.0010310419602320
     656.4475650433622604       0.9233564436435699
     656.4477651767845146       0.9737253952771425
     656.4479653102067687       0.9741031583398581
     656.4481654436291365       1.1034565940499306
     656.4483655770513906       1.0017159609124064
     656.4485657104736447       1.0066733504645526
     656.4487658438958988       0.9733811784535646
     656.4489659773182666       0.9370287656784058
     656.4491661107405207       1.0466124974191189
     656.4493662441627748       0.9805303085595369
     656.4495663775850289       0.9946803385391831
     656.4497665110073967       0.8928244560956955
     656.4499666444296508       0.9451083652675152
     656.4501667778519050       1.0364821702241898
     656.4503669112741591       1.0201278720051050
     656.4505670446965269       0.9675013460218906
     656.4507671781187810       0.9528074450790882
     656.4509673115410351       0.9932751343585551
     656.4511674449632892       0.9616499878466129
     656.4513675783855433       0.9872820377349854
     656.4515677118079111       0.9273353889584541
     656.4517678452301652       0.9862077431753278
     656.4519679786524193       1.0255897399038076
     656.4521681120746734       0.8538406044244766
     656.4523682454970412       1.0191957559436560
     656.4525683789192954       1.0102235069498420
     656.4527685123415495       0.9540833309292793
     656.4529686457638036       0.9901736900210381
     656.4531687791861714       1.0473121926188469
     656.4533689126084255       0.9859557477757335
     656.4535690460306796       0.9942312855273485
     656.4537691794529337       1.0052359062246978
     656.4539693128753015       0.9858580725267529
     656.4541694462975556       1.0037757009267807
     656.4543695797198097       0.9268013834953308
     656.4545697131420638       1.0492007210850716
     656.4547698465644316       0.9377513527870178
     656.4549699799866858       1.0572720840573311
     656.4551701134089399       1.0211479831486940
     656.4553702468311940       1.0373147726058960
     656.4555703802535618       1.0723407492041588
     656.4557705136758159       0.9932636157609522
     656.4559706470980700       1.0312148276716471
     656.4561707805203241       1.0333201885223389
     656.4563709139425782       0.9995945463306271
     656.4565710473649460       0.9469152726233006
     656.4567711807872001       0.9856750201433897
     656.4569713142094542       1.0066965683363378
     656.4571714476317084       1.0505808703601360
     656.4573715810540762       0.8223424404859543
     656.4575717144763303       1.0101200425997376
     656.4577718478985844       0.9216873422265053
     656.4579719813208385       0.9790538940578699
     656.4581721147432063       1.0601989999413490
     656.4583722481654604       0.9944097441621125
     656.4585723815877145       0.9640678949654102
     656.4587725150099686       0.9664566703140736
     656.4589726484323364       0.9824050590395927
     656.4591727818545905       1.0395197235047817
     656.4593729152768447       1.0365336500108242
     656.4595730486990988       0.9264946356415749
     656.4597731821214666       1.0664339438080788
     656.4599733155437207       1.0100699821487069
     656.4601734489659748       0.9923781878314912
     656.4603735823882289       0.9917810428887606
     656.4605737158105967       0.9252681285142899
     656.4607738492328508       0.9772002790123224
     656.4609739826551049       0.9580724164843559
     656.4611741160773590       0.9823806863278151
     656.4613742494997268       0.9241190254688263
     656.4615743829219809       0.9740165770053864
     656.4617745163442351       1.0674067661166191
     656.4619746497664892       1.0332061797380447
     656.4621747831887433       1.0132442070171237
     656.4623749166111111       0.9452588185667992
     656.4625750500333652       0.9892540890723467
     656.4627751834556193       0.9193414822220802
     656.4629753168778734       0.9901372035965323
     656.4631754503002412       1.0035202109720558
     656.4633755837224953       0.9327244535088539
     656.4635757171447494       0.9545456767082214
     656.4637758505670035       1.0025757772382349
     656.4639759839893713       1.0091697443276644
     656.4641761174116255       0.9859908549115062
     656.4643762508338796       1.0404052250087261
     656.4645763842561337       0.9542270116508007
     656.4647765176785015       1.0589639805257320
     656.4649766511007556       1.0029130976181477
     656.4651767845230097       1.0247972849756479
     656.4653769179452638       0.9814890790730715
     656.4655770513676316       0.8655550777912140
     656.4657771847898857       1.0111254071816802
     656.4659773182121398       0.9739483837038279
     656.4661774516343939       1.0444206558167934
     656.4663775850567617       0.9395171701908112
     656.4665777184790159       1.0424075871706009
     656.4667778519012700       1.0465045981109142
     656.4669779853235241       0.9669777788221836
     656.4671781187458919       1.0412360504269600
     656.4673782521681460       0.9377023763954639
     656.4675783855904001       0.9356564879417419
     656.4677785190126542       0.9370428100228310
     656.4679786524349083       1.0770118460059166
     656.4681787858572761       0.9786776453256607
     656.4683789192795302       1.0068640075623989
     656.4685790527017843       0.9860370391979814
     656.4687791861240385       0.9920242214575410
     656.4689793195464063       1.0583586096763611
     656.4691794529686604       0.9836909230798483
     656.4693795863909145       1.0041101388633251
     656.4695797198131686       0.9585588499903679
     656.4697798532355364       0.8683400601148605
     656.4699799866577905       1.0373342446982861
     656.4701801200800446       0.9088591411709785
     656.4703802535022987       1.0368266366422176
     656.4705803869246665       0.9692648500204086
     656.4707805203469206       0.9537066407501698
     656.4709806537691748       1.0074265296570957
     656.4711807871914289       1.0282396171241999
     656.4713809206137967       1.0986511856317520
     656.4715810540360508       0.9978570435196161
     656.4717811874583049       1.0077163591049612
     656.4719813208805590       1.0191867426037788
     656.4721814543029268       1.0653555467724800
     656.4723815877251809       0.9886189755052328
     656.4725817211474350       1.0114274099469185
     656.4727818545696891       0.9550991989672184
     656.4729819879919432       1.0172593779861927
     656.4731821214143110       1.0567679777741432
     656.4733822548365652       0.9662194810807705
     656.4735823882588193       0.9237515106797218
     656.4737825216810734       1.0152506027370691
     656.4739826551034412       0.9247297719120979
     656.4741827885256953       1.1028265580534935
     656.4743829219479494       0.9314635097980499
     656.4745830553702035       1.0390728227794170
     656.4747831887925713       1.0808332860469818
     656.4749833222148254       1.0477790199220181
     656.4751834556370795       1.0358230993151665
     656.4753835890593336       1.0113700469955802
     656.4755837224817014       1.0651280209422112
     656.4757838559039556       1.0572611056268215
     656.4759839893262097       1.0027909493073821
     656.4761841227484638       1.0045853066258132
     656.4763842561708316       0.9785881619900465
     656.4765843895930857       1.0213076435029507
     656.4767845230153398       1.0730810761451721
     656.4769846564375939       0.9424195177853107
     656.4771847898599617       1.0574462600052357
     656.4773849232822158       0.9930478981696069
     656.4775850567044699       1.0151986926794052
     656.4777851901267240       1.0537532977759838
     656.4779853235490918       1.0441231578588486
     656.4781854569713460       0.9794318899512291
     656.4783855903936001       0.9790798388421535
     656.4785857238158542       1.0293266475200653
     656.4787858572381083       1.0245959367603064
     656.4789859906604761       1.1007016897201538
     656.4791861240827302       1.0099029419943690
     656.4793862575049843       0.9663633629679680
     656.4795863909272384       0.9733679536730051
     656.4797865243496062       1.1083688735961914
     656.4799866577718603       1.0136224674060941
     656.4801867911941144       1.0961476713418961
     656.4803869246163686       0.9845038605853915
     656.4805870580387364       1.0278336647897959
     656.4807871914609905       0.9607121311128139
     656.4809873248832446       0.8359334021806717
     656.4811874583054987       1.0704721957445145
     656.4813875917278665       0.9655618369579315
     656.4815877251501206       1.0178271587938070
     656.4817878585723747       1.0416764356195927
     656.4819879919946288       1.0242005456238985
     656.4821881254169966       1.0560147762298584
     656.4823882588392507       0.8780685663223267
     656.4825883922615049       0.9996377034403849
     656.4827885256837590       0.9682911783456802
     656.4829886591061268       1.0122331241145730
     656.4831887925283809       0.9965374453458935
     656.4833889259506350       0.9811137579381466
     656.4835890593728891       0.9546083323657513
     656.4837891927951432       0.9731865283101797
     656.4839893262175110       0.9332018569111824
     656.4841894596397651       0.9877807451412082
     656.4843895930620192       1.0310790129005909
     656.4845897264842733       1.0478077158331871
     656.4847898599066411       0.9906071145087481
     656.4849899933288953       0.9609942324459553
     656.4851901267511494       0.9343851134181023
     656.4853902601734035       0.9331253021955490
     656.4855903935957713       1.1811655759811401
     656.4857905270180254       1.0345062315464020
     656.4859906604402795       0.9434004127979279
     656.4861907938625336       1.0074264155700803
     656.4863909272849014       0.9586749039590359
     656.4865910607071555       1.0036556327249855
     656.4867911941294096       1.0326774157583714
     656.4869913275516637       1.0172003190964460
     656.4871914609740315       0.9431026689708233
     656.4873915943962857       0.9542010016739368
     656.4875917278185398       0.9866830334067345
     656.4877918612407939       1.0092884004116058
     656.4879919946631617       0.9458148702979088
     656.4881921280854158       1.0687820911407471
     656.4883922615076699       1.0392232313752174
     656.4885923949299240       0.8964572772383690
     656.4887925283522918       0.9557985179126263
     656.4889926617745459       1.0116128614172339
     656.4891927951968000       0.9214127883315086
     656.4893929286190541       0.9664884097874165
     656.4895930620413083       1.0276385098695755
     656.4897931954636761       0.9093745276331902
     656.4899933288859302       1.1084879413247108
     656.4901934623081843       1.0217988435178995
     656.4903935957304384       0.9008512943983078
     656.4905937291528062       0.8994842171669006
     656.4907938625750603       0.9546058811247349
     656.4909939959973144       1.0658486410975456
     656.4911941294195685       1.0297520011663437
     656.4913942628419363       1.0166542734950781
     656.4915943962641904       1.0765328332781792
     656.4917945296864445       1.0766598358750343
     656.4919946631086987       1.1071762815117836
     656.4921947965310665       1.0329250022768974
     656.4923949299533206       1.0126155884936452
     656.4925950633755747       0.9579793103039265
     656.4927951967978288       1.0038089596200734
     656.4929953302201966       1.0358807779848576
     656.4931954636424507       1.0038856815081090
     656.4933955970647048       0.9621981866657734
     656.4935957304869589       0.9446462094783783
     656.4937958639093267       1.0333443321287632
     656.4939959973315808       1.0553324408829212
     656.4941961307538350       0.9679900445044041
     656.4943962641760891       0.9894623020663857
     656.4945963975983432       1.0253910925239325
     656.4947965310207110       1.0543660633265972
     656.4949966644429651       0.9787775073200464
     656.4951967978652192       0.9672077558934689
     656.4953969312874733       0.9711941294372082
     656.4955970647098411       1.0223248656839132
     656.4957971981320952       0.9032594934105873
     656.4959973315543493       0.9747170973569155
     656.4961974649766034       0.9904141128063202
     656.4963975983989712       1.0355592630803585
     656.4965977318212254       1.0008597792475484
     656.4967978652434795       0.9715443998575211
     656.4969979986657336       0.9143593013286591
     656.4971981320881014       0.9988680840469897
     656.4973982655103555       0.9838776811957359
     656.4975983989326096       0.9678259938955307
     656.4977985323548637       0.9645320400595665
     656.4979986657772315       1.0734757408499718
     656.4981987991994856       1.0592192709445953
     656.4983989326217397       0.9708909653127193
     656.4985990660439938       0.9758218452334404
     656.4987991994663616       0.9675157368183136
     656.4989993328886158       1.0965976044535637
     656.4991994663108699       1.0187130179256201
     656.4993995997331240       1.0267354454845190
     656.4995997331554918       1.0288078542798758
     656.4997998665777459       1.0796500071883202
     656.5000000000000000       0.9833486471325159
