     656.2000000000000455       0.9929851256310940
     656.2002001334222996       1.0558778047561646
     656.2004002668445537       0.9562604017555714
     656.2006004002669215       1.1197052970528603
     656.2008005336891756       0.9672438688576221
     656.2010006671114297       1.0176313091069460
     656.2012008005336838       0.9560749530792236
     656.2014009339560516       0.8960432857275009
     656.2016010673783057       0.9318230971693993
     656.2018012008005599       1.0140925562009215
     656.2020013342228140       0.9379667378962040
     656.2022014676451818       1.0531960614025593
     656.2024016010674359       1.1097527965903282
     656.2026017344896900       0.9561583139002323
     656.2028018679119441       1.0621821470558643
     656.2030020013343119       1.0098518673330545
     656.2032021347565660       0.8739199191331863
     656.2034022681788201       0.9852579813450575
     656.2036024016010742       0.9788223132491112
     656.2038025350234420       0.9897293159738183
     656.2040026684456961       0.9782380536198616
     656.2042028018679503       1.0399729497730732
     656.2044029352902044       1.0252928026020527
     656.2046030687125722       0.9411550760269165
     656.2048032021348263       0.9091121479868889
     656.2050033355570804       1.0115592079237103
     656.2052034689793345       0.9251010790467262
     656.2054036024017023       1.0058356183581054
     656.2056037358239564       0.9785475824028254
     656.2058038692462105       1.0289802011102438
     656.2060040026684646       0.9738080613315105
     656.2062041360907187       1.0526843480765820
     656.2064042695130865       0.9729085061699152
     656.2066044029353407       0.9898211080580950
     656.2068045363575948       0.9355928152799606
     656.2070046697798489       1.0476424768567085
     656.2072048032022167       1.0823860019445419
     656.2074049366244708       1.0310803931206465
     656.2076050700467249       1.0303532835096121
     656.2078052034689790       1.1031443625688553
     656.2080053368913468       1.0284516997635365
     656.2082054703136009       0.9266244471073151
     656.2084056037358550       0.9973138235509396
     656.2086057371581092       0.9616648070514202
     656.2088058705804769       1.0454387180507183
     656.2090060040027311       0.9449822008609772
     656.2092061374249852       1.0357247255742550
     656.2094062708472393       1.0276076104491949
     656.2096064042696071       1.0627974644303322
     656.2098065376918612       0.9927800744771957
     656.2100066711141153       0.9681638553738594
     656.2102068045363694       0.9505716823041439
     656.2104069379587372       1.0432243905961514
     656.2106070713809913       0.9975129305385053
     656.2108072048032454       1.0178865399211645
     656.2110073382254996       0.9329359158873558
     656.2112074716477537       0.9752626176923513
     656.2114076050701215       1.0642639771103859
     656.2116077384923756       1.0561703741550446
     656.2118078719146297       1.0195488017052412
     656.2120080053368838       1.0672325566411018
     656.2122081387592516       0.9977611515205353
     656.2124082721815057       1.0915770009160042
     656.2126084056037598       0.9909304864704609
     656.2128085390260139       1.0553040765225887
     656.2130086724483817       0.9694096650928259
     656.2132088058706358       1.0259116496890783
     656.2134089392928900       1.0108192283660173
     656.2136090727151441       1.1024885326623917
     656.2138092061375119       1.0253701694309711
     656.2140093395597660       0.9305219426751137
     656.2142094729820201       1.0347620807588100
     656.2144096064042742       0.9189227893948555
     656.2146097398266420       1.0585141554474831
     656.2148098732488961       0.8989942148327827
     656.2150100066711502       1.0865710973739624
     656.2152101400934043       1.0323868952691555
     656.2154102735157721       0.9584989845752716
     656.2156104069380262       1.1000998988747597
     656.2158105403602804       0.9912525350227952
     656.2160106737825345       0.9952325820922852
     656.2162108072049023       1.0623863525688648
     656.2164109406271564       0.9203537479043007
     656.2166110740494105       0.9919888852164149
     656.2168112074716646       0.9544919282197952
     656.2170113408939187       0.9924707957543433
     656.2172114743162865       1.0005865657585673
     656.2174116077385406       1.0502945259213448
     656.2176117411607947       1.0851351693272591
     656.2178118745830488       1.0790409371256828
     656.2180120080054166       1.0621909089386463
     656.2182121414276708       0.9401629455387592
     656.2184122748499249       1.0312769375741482
     656.2186124082721790       1.0575052611529827
     656.2188125416945468       1.0226029492914677
     656.2190126751168009       0.8963905647397041
     656.2192128085390550       1.0292079597711563
     656.2194129419613091       0.9926092512905598
     656.2196130753836769       0.9280860275030136
     656.2198132088059310       1.0587297342717648
     656.2200133422281851       1.0248571839183569
     656.2202134756504392       1.0648916289210320
     656.2204136090728070       1.0007252517971210
     656.2206137424950612       1.0733329579234123
     656.2208138759173153       0.9896532930433750
     656.2210140093395694       1.0874414220452309
     656.2212141427619372       1.0065334327518940
     656.2214142761841913       1.0959208831191063
     656.2216144096064454       1.0146038560196757
     656.2218145430286995       0.9786913935095072
     656.2220146764509536       1.0476357713341713
     656.2222148098733214       0.9849138762801886
     656.2224149432955755       0.9832170028239489
     656.2226150767178297       0.9998557790240739
     656.2228152101400838       0.9606832899153233
     656.2230153435624516       0.9888812843710184
     656.2232154769847057       1.0257746875286102
     656.2234156104069598       0.9455388002097607
     656.2236157438292139       0.9348658025264740
     656.2238158772515817       1.0192090775817633
     656.2240160106738358       1.0093868738040328
     656.2242161440960899       0.9755364377051592
     656.2244162775183440       1.0522799864411354
     656.2246164109407118       1.0905378162860870
     656.2248165443629659       0.9863888332620263
     656.2250166777852201       1.1044488772749901
     656.2252168112074742       0.9369471073150635
     656.2254169446298420       1.0935742929577827
     656.2256170780520961       0.9780436903238297
     656.2258172114743502       1.0080018294975162
     656.2260173448966043       1.0441106893122196
     656.2262174783189721       1.0102564813569188
     656.2264176117412262       1.0165267158299685
     656.2266177451634803       0.9547885544598103
     656.2268178785857344       1.0212017837911844
     656.2270180120081022       1.0648394674062729
     656.2272181454303563       1.0005638339789584
     656.2274182788526105       0.8993456810712814
     656.2276184122748646       0.9945428576320410
     656.2278185456971187       1.0706301629543304
     656.2280186791194865       0.9478262476623058
     656.2282188125417406       1.0273068156093359
     656.2284189459639947       1.0625979825854301
     656.2286190793862488       1.0265328232198954
     656.2288192128086166       1.0126232998445630
     656.2290193462308707       1.0219321362674236
     656.2292194796531248       1.0371041856706142
     656.2294196130753789       1.0266480725258589
     656.2296197464977467       0.9281157925724983
     656.2298198799200009       0.9593012817203999
     656.2300200133422550       1.0633763819932938
     656.2302201467645091       1.0698811262845993
     656.2304202801868769       1.0426340624690056
     656.2306204136091310       0.9313899576663971
     656.2308205470313851       0.9991510919062421
     656.2310206804536392       1.0966940596699715
     656.2312208138760070       1.0033246513921767
     656.2314209472982611       0.9628489948809147
     656.2316210807205152       0.9420492649078369
     656.2318212141427693       1.0846884772181511
     656.2320213475651371       0.9919458096846938
     656.2322214809873913       1.0520206168293953
     656.2324216144096454       0.9777356442064047
     656.2326217478318995       0.9892305666580796
     656.2328218812541536       0.9690520372241735
     656.2330220146765214       0.9475868083536625
     656.2332221480987755       1.0163227021694183
     656.2334222815210296       0.9590437747538090
     656.2336224149432837       1.0143052861094475
     656.2338225483656515       1.0264829434454441
     656.2340226817879056       1.0046967878006399
     656.2342228152101598       0.9930546605028212
     656.2344229486324139       1.0057662161998451
     656.2346230820547817       0.9979466872755438
     656.2348232154770358       0.9963288966100663
     656.2350233488992899       1.0194174889475107
     656.2352234823215440       0.8944673985242844
     656.2354236157439118       0.9903346793726087
     656.2356237491661659       1.0321907587349415
     656.2358238825884200       1.0457955859601498
     656.2360240160106741       1.0191466696560383
     656.2362241494330419       1.0940962061285973
     656.2364242828552960       1.0734667405486107
     656.2366244162775502       1.0690620169043541
     656.2368245496998043       1.0904777124524117
     656.2370246831221721       1.0168163999915123
     656.2372248165444262       0.9932641587220132
     656.2374249499666803       1.0805860534310341
     656.2376250833889344       0.9643859714269638
     656.2378252168113022       1.0737109184265137
     656.2380253502335563       0.9937264970503747
     656.2382254836558104       0.9611526504158974
     656.2384256170780645       0.9385888278484344
     656.2386257505003186       1.0163964852690697
     656.2388258839226864       0.9426327161490917
     656.2390260173449406       1.0051764464005828
     656.2392261507671947       1.0247236583381891
     656.2394262841894488       1.0029277140274644
     656.2396264176118166       1.0372485816478729
     656.2398265510340707       1.1080473586916924
     656.2400266844563248       0.9751383680850267
     656.2402268178785789       0.9838713482022285
     656.2404269513009467       0.9320660009980202
     656.2406270847232008       1.0183558445423841
     656.2408272181454549       1.0030904279556125
     656.2410273515677090       1.0214070156216621
     656.2412274849900768       0.9861042080447078
     656.2414276184123310       1.0249566286802292
     656.2416277518345851       1.0574571900069714
     656.2418278852568392       0.9120014905929565
     656.2420280186792070       0.9990867926389910
     656.2422281521014611       1.0405196212232113
     656.2424282855237152       0.9796002041548491
     656.2426284189459693       1.0965230539441109
     656.2428285523683371       0.9778489582240582
     656.2430286857905912       1.0008331995340995
     656.2432288192128453       1.0745293200016022
     656.2434289526350994       0.9516278058290482
     656.2436290860574672       1.0634904727339745
     656.2438292194797214       0.9707330111414194
     656.2440293529019755       1.0360750108957291
     656.2442294863242296       1.0607052817940712
     656.2444296197464837       1.0623282752931118
     656.2446297531688515       1.0344425179064274
     656.2448298865911056       0.9672858975827694
     656.2450300200133597       0.9225396513938904
     656.2452301534356138       1.0005112535436638
     656.2454302868579816       1.0472386591136456
     656.2456304202802357       0.9803792778402567
     656.2458305537024899       0.9275782853364944
     656.2460306871247440       0.9773869160562754
     656.2462308205471118       0.9942419910803437
     656.2464309539693659       0.9309488162398338
     656.2466310873916200       0.8955696225166321
     656.2468312208138741       1.1008381173014641
     656.2470313542362419       0.9995744783373084
     656.2472314876584960       0.9910057047381997
     656.2474316210807501       1.0626413747668266
     656.2476317545030042       0.9834279268980026
     656.2478318879253720       1.0621528625488281
     656.2480320213476261       0.9904199102893472
     656.2482321547698803       1.0407387763261795
     656.2484322881921344       0.9648936279118061
     656.2486324216145022       1.0518773384392262
     656.2488325550367563       1.0124584725126624
     656.2490326884590104       1.0441623739898205
     656.2492328218812645       0.9650424309074879
     656.2494329553035186       0.9543543197214603
     656.2496330887258864       1.0058650416322052
     656.2498332221481405       0.9537779167294502
     656.2500333555703946       1.0558184683322906
     656.2502334889926487       1.0040380950085819
     656.2504336224150165       0.9454745575785637
     656.2506337558372707       0.9777757301926613
     656.2508338892595248       0.9478156603872776
     656.2510340226817789       1.0317492671310902
     656.2512341561041467       0.9870742838829756
     656.2514342895264008       0.9519890174269676
     656.2516344229486549       0.9293968006968498
     656.2518345563709090       0.9482610113918781
     656.2520346897932768       1.0225919168442488
     656.2522348232155309       0.9556667134165764
     656.2524349566377850       1.0132346441969275
     656.2526350900600391       0.9974287026561797
     656.2528352234824069       0.9870588164776564
     656.2530353569046611       0.9905329970642924
     656.2532354903269152       1.0073334388434887
     656.2534356237491693       0.9769383464008570
     656.2536357571715371       0.9471157006919384
     656.2538358905937912       1.0461614243686199
     656.2540360240160453       0.9581918381154537
     656.2542361574382994       1.1272523552179337
     656.2544362908606672       0.9807951487600803
     656.2546364242829213       1.0180530678480864
     656.2548365577051754       0.9839740023016930
     656.2550366911274295       0.9864465994760394
     656.2552368245496837       1.0769179463386536
     656.2554369579720515       0.9623172804713249
     656.2556370913943056       1.0248506534844637
     656.2558372248165597       0.9387893490493298
     656.2560373582388138       1.0427344478666782
     656.2562374916611816       1.0267816539853811
     656.2564376250834357       0.9249755218625069
     656.2566377585056898       1.0079078329727054
     656.2568378919279439       0.9203111380338669
     656.2570380253503117       0.9437141716480255
     656.2572381587725658       0.9631665199995041
     656.2574382921948200       0.9908731803297997
     656.2576384256170741       1.0232379715889692
     656.2578385590394419       0.9774121325463057
     656.2580386924616960       1.0215900931507349
     656.2582388258839501       1.0022772049997002
     656.2584389593062042       1.0023910747841001
     656.2586390927285720       1.0710455998778343
     656.2588392261508261       1.0206302609294653
     656.2590393595730802       1.0466880165040493
     656.2592394929953343       0.9530042186379433
     656.2594396264177021       1.0986954569816589
     656.2596397598399562       1.0445062704384327
     656.2598398932622104       0.9762807954102755
     656.2600400266844645       0.9644065722823143
     656.2602401601067186       1.0180261749774218
     656.2604402935290864       0.9640388526022434
     656.2606404269513405       0.9187943413853645
     656.2608405603735946       0.9455915577709675
     656.2610406937958487       0.9721010327339172
     656.2612408272182165       0.8886615112423897
     656.2614409606404706       1.0137076769024134
     656.2616410940627247       1.0094494819641113
     656.2618412274849788       0.9294441863894463
     656.2620413609073466       1.0364952683448792
     656.2622414943296008       1.0426453389227390
     656.2624416277518549       0.9109259620308876
     656.2626417611741090       1.0077126189135015
     656.2628418945964768       0.9108626395463943
     656.2630420280187309       1.0759085342288017
     656.2632421614409850       1.0087448535487056
     656.2634422948632391       1.0054608802311122
     656.2636424282856069       0.8662507832050323
     656.2638425617078610       0.9517156854271889
     656.2640426951301151       1.0408790521323681
     656.2642428285523692       0.9122779071331024
     656.2644429619747370       0.9555736891925335
     656.2646430953969912       0.9337743297219276
     656.2648432288192453       0.9452982768416405
     656.2650433622414994       0.9817660227417946
     656.2652434956638672       1.0431742295622826
     656.2654436290861213       1.0484441481530666
     656.2656437625083754       0.9782276097685099
     656.2658438959306295       1.0271324552595615
     656.2660440293528836       1.0669514387845993
     656.2662441627752514       0.9136304110288620
     656.2664442961975055       0.9168942719697952
     656.2666444296197596       0.9578202404081821
     656.2668445630420138       0.9314928427338600
     656.2670446964643816       0.9825005326420069
     656.2672448298866357       0.9707404579967260
     656.2674449633088898       0.9118600711226463
     656.2676450967311439       1.0733431056141853
     656.2678452301535117       0.9286001101136208
     656.2680453635757658       1.0134251881390810
     656.2682454969980199       1.0342192947864532
     656.2684456304202740       1.0516124479472637
     656.2686457638426418       0.9456516206264496
     656.2688458972648959       0.9947322634980083
     656.2690460306871501       0.9240377619862556
     656.2692461641094042       0.9583222009241581
     656.2694462975317720       1.0460055246949196
     656.2696464309540261       0.8887040689587593
     656.2698465643762802       1.0077815428376198
     656.2700466977985343       1.0520445518195629
     656.2702468312209021       1.0194341018795967
     656.2704469646431562       1.0764103084802628
     656.2706470980654103       1.1008561849594116
     656.2708472314876644       1.0350160449743271
     656.2710473649099185       0.9683633223176003
     656.2712474983322863       0.9783439524471760
     656.2714476317545405       0.9933904968202114
     656.2716477651767946       1.0431692190468311
     656.2718478985990487       1.0016578253125772
     656.2720480320214165       0.9115709066390991
     656.2722481654436706       1.0308817531913519
     656.2724482988659247       0.9713323134928942
     656.2726484322881788       0.9595186300575733
     656.2728485657105466       1.1208535432815552
     656.2730486991328007       1.0274319890886545
     656.2732488325550548       1.0666686519980431
     656.2734489659773089       1.0663066431879997
     656.2736490993996767       1.0013784620678052
     656.2738492328219309       0.9591743685305119
     656.2740493662441850       0.8804155662655830
     656.2742494996664391       1.0440072417259216
     656.2744496330888069       1.0186129715293646
     656.2746497665110610       1.0321175418794155
     656.2748498999333151       0.9929155795834959
     656.2750500333555692       0.9377799741923809
     656.2752501667779370       1.0002748072147369
     656.2754503002001911       0.9790245536714792
     656.2756504336224452       0.9874854804947972
     656.2758505670446993       0.9709426574409008
     656.2760507004670671       0.9498258158564568
     656.2762508338893213       1.0030172609258443
     656.2764509673115754       0.9576099850237370
     656.2766511007338295       0.9248240962624550
     656.2768512341560836       0.9911224320530891
     656.2770513675784514       1.0428533218801022
     656.2772515010007055       0.9726961422711611
     656.2774516344229596       0.9994689982268028
     656.2776517678452137       0.9691067785024643
     656.2778519012675815       1.0206756647676229
     656.2780520346898356       0.9872727300971746
     656.2782521681120897       0.9671781174838543
     656.2784523015343439       0.9457793831825256
     656.2786524349567117       0.9847609205171466
     656.2788525683789658       1.1315582096576691
     656.2790527018012199       0.9733017254620790
     656.2792528352234740       1.0132135180756450
     656.2794529686458418       1.0121627599000931
     656.2796531020680959       0.9453944452106953
     656.2798532354903500       0.9299909323453903
     656.2800533689126041       0.9725035186856985
     656.2802535023349719       1.0562067739665508
     656.2804536357572260       0.9299949184060097
     656.2806537691794802       0.9688240233808756
     656.2808539026017343       1.0555193312466145
     656.2810540360241021       0.9146630242466927
     656.2812541694463562       0.9915834153071046
     656.2814543028686103       0.9941331576555967
     656.2816544362908644       0.9424273595213890
     656.2818545697131185       0.9981582555919886
     656.2820547031354863       0.9832147974520922
     656.2822548365577404       1.0465381741523743
     656.2824549699799945       1.0372113473713398
     656.2826551034022486       1.0301339719444513
     656.2828552368246164       1.0323184840381145
     656.2830553702468706       0.9464261867105961
     656.2832555036691247       0.9110785275697708
     656.2834556370913788       1.0419166535139084
     656.2836557705137466       0.9791971966624260
     656.2838559039360007       0.9826976023614407
     656.2840560373582548       0.9597068056464195
     656.2842561707805089       0.9945724946446717
     656.2844563042028767       1.0524775460362434
     656.2846564376251308       0.9825493562966585
     656.2848565710473849       0.9555649235844612
     656.2850567044696390       0.9597747959196568
     656.2852568378920068       1.0606668181717396
     656.2854569713142610       1.0318829901516438
     656.2856571047365151       0.9541422165930271
     656.2858572381587692       1.0125634893774986
     656.2860573715811370       0.9837794564664364
     656.2862575050033911       1.0717635303735733
     656.2864576384256452       0.9572585038840771
     656.2866577718478993       1.0111496159806848
     656.2868579052702671       0.9603088274598122
     656.2870580386925212       1.0356682389974594
     656.2872581721147753       0.9979688685853034
     656.2874583055370294       1.0177687872201204
     656.2876584389592836       0.8791261315345764
     656.2878585723816514       1.1165057197213173
     656.2880587058039055       0.9519254006445408
     656.2882588392261596       0.9842534866183996
     656.2884589726484137       0.9377514161169529
     656.2886591060707815       0.9458452053368092
     656.2888592394930356       1.0336865261197090
     656.2890593729152897       0.9701226316392422
     656.2892595063375438       1.1327436417341232
     656.2894596397599116       0.9201309755444527
     656.2896597731821657       0.9901755014434457
     656.2898599066044198       0.9836521614342928
     656.2900600400266740       1.0706836804747581
     656.2902601734490418       0.9963347141165286
     656.2904603068712959       0.9354579523205757
     656.2906604402935500       0.9407909624278545
     656.2908605737158041       0.9986514719203115
     656.2910607071381719       1.0156236812472343
     656.2912608405604260       1.0053756088018417
     656.2914609739826801       1.0309472363442183
     656.2916611074049342       1.0192195568233728
     656.2918612408273020       1.0029066333081573
     656.2920613742495561       1.0126950312405825
     656.2922615076718103       1.0445467121899128
     656.2924616410940644       1.0504990480840206
     656.2926617745164322       1.0582789257168770
     656.2928619079386863       1.0133534362539649
     656.2930620413609404       1.0393780730664730
     656.2932621747831945       1.0174394045025110
     656.2934623082054486       0.9831295330077410
     656.2936624416278164       0.9396052584052086
     656.2938625750500705       0.9393172785639763
     656.2940627084723246       0.9258794486522675
     656.2942628418945787       1.0267328061163425
     656.2944629753169465       0.9212416335940361
     656.2946631087392007       0.9325822964310646
     656.2948632421614548       0.9296521991491318
     656.2950633755837089       1.0113451546058059
     656.2952635090060767       0.9970533975865692
     656.2954636424283308       0.9464102499186993
     656.2956637758505849       1.0611396245658398
     656.2958639092728390       1.0833446234464645
     656.2960640426952068       0.9445640780031681
     656.2962641761174609       1.0765788778662682
     656.2964643095397150       1.0020795271266252
     656.2966644429619691       0.9793850015848875
     656.2968645763843369       0.9250375404953957
     656.2970647098065911       0.9934278246946633
     656.2972648432288452       0.9333252757787704
     656.2974649766510993       1.0278311278671026
     656.2976651100734671       0.9195480346679688
     656.2978652434957212       0.9993501076824032
     656.2980653769179753       0.9833709299564362
     656.2982655103402294       1.0125837344676256
     656.2984656437624835       1.1357837766408920
     656.2986657771848513       1.0442066900432110
     656.2988659106071054       0.9551906660199165
     656.2990660440293595       0.8574229478836060
     656.2992661774516137       1.0016269270563498
     656.2994663108739815       1.0081874188035727
     656.2996664442962356       1.0465329252183437
     656.2998665777184897       1.0695771798491478
     656.3000667111407438       1.0337793231010437
     656.3002668445631116       1.0191910844296217
     656.3004669779853657       1.0115117458626628
     656.3006671114076198       1.1038981303572655
     656.3008672448298739       1.0419446155428886
     656.3010673782522417       0.8812182322144508
     656.3012675116744958       0.9837232325226068
     656.3014676450967499       1.1190449520945549
     656.3016677785190041       1.0270159542560577
     656.3018679119413719       1.0525780506432056
     656.3020680453636260       0.9119114950299263
     656.3022681787858801       0.9769924525171518
     656.3024683122081342       1.0154601847752929
     656.3026684456305020       1.0397298224270344
     656.3028685790527561       0.9562869928777218
     656.3030687124750102       0.9912215042859316
     656.3032688458972643       1.0551975965499878
     656.3034689793196321       1.0736268386244774
     656.3036691127418862       0.9795412272214890
     656.3038692461641403       0.9521628059446812
     656.3040693795863945       1.0138598233461380
     656.3042695130086486       0.8862160518765450
     656.3044696464310164       0.9430007077753544
     656.3046697798532705       0.9107367172837257
     656.3048699132755246       0.9172694310545921
     656.3050700466977787       1.0056037022732198
     656.3052701801201465       0.9393152706325054
     656.3054703135424006       0.9249406456947327
     656.3056704469646547       1.0473628081381321
     656.3058705803869088       1.0321406871080399
     656.3060707138092766       1.0005914274952374
     656.3062708472315308       0.9583377949893475
     656.3064709806537849       0.9355175867676735
     656.3066711140760390       1.0167528241872787
     656.3068712474984068       0.9874876439571381
     656.3070713809206609       1.0094454446807504
     656.3072715143429150       0.9921611407771707
     656.3074716477651691       1.0395056530833244
     656.3076717811875369       0.9512441381812096
     656.3078719146097910       1.0668842196464539
     656.3080720480320451       0.9676222354173659
     656.3082721814542992       0.9486421681940553
     656.3084723148766670       1.0003589658008420
     656.3086724482989212       0.9120431542396541
     656.3088725817211753       0.9760468080639833
     656.3090727151434294       1.1053250432014456
     656.3092728485656835       0.9440137855708585
     656.3094729819880513       1.0583943724632241
     656.3096731154103054       1.0441642962396114
     656.3098732488325595       0.9642161689698650
     656.3100733822548136       0.9925988917238942
     656.3102735156771814       0.9896532669663327
     656.3104736490994355       0.9572531469166129
     656.3106737825216896       1.0675549432635085
     656.3108739159439438       0.9315952956676158
     656.3110740493663116       1.0439762361347198
     656.3112741827885657       0.9327275231479900
     656.3114743162108198       0.9336017444728787
     656.3116744496330739       0.9856556188313671
     656.3118745830554417       1.0387239269910091
     656.3120747164776958       0.9917006948959692
     656.3122748498999499       0.9360716640944750
     656.3124749833222040       1.0087913116433693
     656.3126751167445718       0.9755762256672602
     656.3128752501668259       1.0197473913417812
     656.3130753835890800       1.0419153831880066
     656.3132755170113342       0.9771179500940020
     656.3134756504337020       0.9853700799828746
     656.3136757838559561       1.0198125354890641
     656.3138759172782102       0.9117836207073520
     656.3140760507004643       0.9245002865681318
     656.3142761841228321       0.9659007638537896
     656.3144763175450862       1.0779544561883618
     656.3146764509673403       1.0360417924516172
     656.3148765843895944       0.9674511886706402
     656.3150767178118485       1.0163493845016682
     656.3152768512342163       1.0889405011302813
     656.3154769846564704       1.0381737722797668
     656.3156771180787246       0.9224603323538221
     656.3158772515009787       0.9962239798756505
     656.3160773849233465       1.0514640283540437
     656.3162775183456006       0.9868277232664164
     656.3164776517678547       1.0815652379659766
     656.3166777851901088       0.9585497446024689
     656.3168779186124766       0.9826484256054278
     656.3170780520347307       0.9186508715616609
     656.3172781854569848       0.9604861046157187
     656.3174783188792389       0.9014640051438271
     656.3176784523016067       0.9212217816684364
     656.3178785857238609       0.9668992411579818
     656.3180787191461150       1.0111551322498300
     656.3182788525683691       1.0788393604440789
     656.3184789859907369       1.0435811128017249
     656.3186791194129910       0.9353296304156995
     656.3188792528352451       1.0171642153795259
     656.3190793862574992       1.0238010871428249
     656.3192795196798670       0.9883643130383371
     656.3194796531021211       0.8477057487367473
     656.3196797865243752       1.0634141235360428
     656.3198799199466293       0.9982484920902307
     656.3200800533688835       0.9288797119277018
     656.3202801867912513       0.9969842954313313
     656.3204803202135054       0.8774701381873321
     656.3206804536357595       1.0204687616218704
     656.3208805870580136       1.0420854829635653
     656.3210807204803814       1.0052079926172184
     656.3212808539026355       1.0438504073969952
     656.3214809873248896       1.0039187584149158
     656.3216811207471437       1.0292759608859878
     656.3218812541695115       0.9641143639644524
     656.3220813875917656       1.0262260596244692
     656.3222815210140197       1.0043325685907525
     656.3224816544362739       1.0108904736040856
     656.3226817878586417       1.0345728547894057
     656.3228819212808958       0.9639263172620185
     656.3230820547031499       0.9645471681438629
     656.3232821881254040       1.0430189530546987
     656.3234823215477718       1.0374750760277103
     656.3236824549700259       0.9216583291824074
     656.3238825883922800       1.0026615741039957
     656.3240827218145341       1.0689574436399087
     656.3242828552369019       1.0443846164632653
     656.3244829886591560       1.0639013473940730
     656.3246831220814101       1.0436320217292558
     656.3248832555036643       0.9618376698884327
     656.3250833889260321       1.0228189639336775
     656.3252835223482862       1.0144525965167601
     656.3254836557705403       1.0334332053652071
     656.3256837891927944       0.9770533320435858
     656.3258839226150485       0.9558284897668099
     656.3260840560374163       1.0764792519199677
     656.3262841894596704       1.0019683720855044
     656.3264843228819245       0.9771512551067659
     656.3266844563041786       0.9031816965060095
     656.3268845897265464       0.9957146704352535
     656.3270847231488005       0.9514703498331429
     656.3272848565710547       1.0482283547056146
     656.3274849899933088       0.9306532554541347
     656.3276851234156766       0.9213992775926002
     656.3278852568379307       1.0838718897680315
     656.3280853902601848       0.9322100406353298
     656.3282855236824389       0.9751969614192281
     656.3284856571048067       1.0655709110874221
     656.3286857905270608       1.0044584710808313
     656.3288859239493149       0.9514386990641334
     656.3290860573715690       1.0651961140819355
     656.3292861907939368       0.9720753755936226
     656.3294863242161910       0.9910212506104136
     656.3296864576384451       0.9097871946991597
     656.3298865910606992       1.0298775211325801
     656.3300867244830670       0.9842821964876758
     656.3302868579053211       1.0506580058006443
     656.3304869913275752       1.0539607819129628
     656.3306871247498293       1.0011586095706608
     656.3308872581721971       0.8998027586992330
     656.3310873915944512       1.0629056904389294
     656.3312875250167053       0.8955594830773185
     656.3314876584389594       0.9705123613445702
     656.3316877918612136       0.9660512000220608
     656.3318879252835814       0.9443937312856701
     656.3320880587058355       0.9870471785997635
     656.3322881921280896       1.0141571673853178
     656.3324883255503437       1.0101788641168405
     656.3326884589727115       0.8626640871233524
     656.3328885923949656       0.9158589328598281
     656.3330887258172197       0.8914338995276574
     656.3332888592394738       0.9789453087385195
     656.3334889926618416       0.8779120192377445
     656.3336891260840957       0.9643795253971250
     656.3338892595063498       0.9808478046494249
     656.3340893929286040       1.0205400208176090
     656.3342895263509718       0.9148098819618120
     656.3344896597732259       0.8706196415954888
     656.3346897931954800       0.8228469738345721
     656.3348899266177341       0.8762365495299499
     656.3350900600401019       0.9478681519380923
     656.3352901934623560       0.9252465760489771
     656.3354903268846101       0.8912759975122967
     656.3356904603068642       0.9555835241972449
     656.3358905937292320       0.8814326734545010
     656.3360907271514861       0.8738473302548673
     656.3362908605737402       0.9325986245252185
     656.3364909939959944       0.9418779207519715
     656.3366911274182485       0.9163313823212561
     656.3368912608406163       0.8895719536562636
     656.3370913942628704       0.8416365133322166
     656.3372915276851245       0.8612212263676554
     656.3374916611073786       0.9075008905624192
     656.3376917945297464       0.8963087852370698
     656.3378919279520005       0.8665531351674094
     656.3380920613742546       0.8153128865611844
     656.3382921947965087       0.8593548038180097
     656.3384923282188765       0.9184689732500824
     656.3386924616411306       0.8766088549508013
     656.3388925950633848       0.8371962519074534
     656.3390927284856389       0.8700316364944946
     656.3392928619080067       0.9066691777227306
     656.3394929953302608       0.7833336386546171
     656.3396931287525149       0.8238217316569294
     656.3398932621747690       0.9125507696529680
     656.3400933955971368       0.8510222386714473
     656.3402935290193909       0.8309346716339776
     656.3404936624416450       0.7691841379523259
     656.3406937958638991       0.8117314775558268
     656.3408939292862669       0.8580820142821626
     656.3410940627085211       0.8602436170010247
     656.3412941961307752       0.8453887040678943
     656.3414943295530293       0.7785255840411611
     656.3416944629753971       0.7375125414979906
     656.3418945963976512       0.7854005108215902
     656.3420947298199053       0.8637017768479605
     656.3422948632421594       0.7003958793643763
     656.3424949966644135       0.6983487916697730
     656.3426951300867813       0.7741170040773887
     656.3428952635090354       0.8239442664234049
     656.3430953969312895       0.8636851248308197
     656.3432955303535437       0.8946081949040999
     656.3434956637759115       0.8792831234956803
     656.3436957971981656       0.7685612763173955
     656.3438959306204197       0.8421003886995433
     656.3440960640426738       0.8020911695366180
     656.3442961974650416       0.7975101759191005
     656.3444963308872957       0.8366009413973854
     656.3446964643095498       0.8556385849511283
     656.3448965977318039       0.8842670371934569
     656.3450967311541717       0.8979204628532329
     656.3452968645764258       0.8305580757278354
     656.3454969979986799       0.8124053289302093
     656.3456971314209341       0.9413520073962399
     656.3458972648433019       0.8767864129674522
     656.3460973982655560       0.9272982694938732
     656.3462975316878101       0.8683832333839532
     656.3464976651100642       0.9304615289390579
     656.3466977985324320       0.8900633850189933
     656.3468979319546861       0.8868839488867919
     656.3470980653769402       0.9464408963011868
     656.3472981987991943       0.9460642165825044
     656.3474983322214484       0.9242104139211651
     656.3476984656438162       0.9725264628862987
     656.3478985990660703       0.9590413269326354
     656.3480987324883245       0.9026717255004932
     656.3482988659105786       0.9821370914657300
     656.3484989993329464       0.9609658024898000
     656.3486991327552005       1.0423307821930954
     656.3488992661774546       0.9523581088364836
     656.3490993995997087       0.9285291401591216
     656.3492995330220765       0.9453939865505580
     656.3494996664443306       0.9582337568697799
     656.3496997998665847       0.9739501310495752
     656.3498999332888388       0.8813707476026965
     656.3501000667112066       1.0007226535588929
     656.3503002001334607       0.9576636815037584
     656.3505003335557149       0.9973055025569236
     656.3507004669779690       0.9619666407112644
     656.3509006004003368       0.9769762190266734
     656.3511007338225909       0.9613070634471412
     656.3513008672448450       0.9443098014065827
     656.3515010006670991       1.0315988274313037
     656.3517011340894669       1.0619844813406578
     656.3519012675117210       0.9064588246321725
     656.3521014009339751       0.9450514299697511
     656.3523015343562292       1.0174188443046301
     656.3525016677785970       0.9179092295149160
     656.3527018012008512       0.9722834995828630
     656.3529019346231053       1.0197075248501442
     656.3531020680453594       0.9673012342341131
     656.3533022014676135       1.0497054379145250
     656.3535023348899813       0.9677925104754830
     656.3537024683122354       0.9580310628479041
     656.3539026017344895       1.0120816260590242
     656.3541027351567436       1.0293410098563029
     656.3543028685791114       1.0048731525536045
     656.3545030020013655       1.0421999862476177
     656.3547031354236196       1.0527161354822752
     656.3549032688458738       0.9860830725392036
     656.3551034022682416       1.0391100772682764
     656.3553035356904957       1.0489092094468031
     656.3555036691127498       1.0152702252181864
     656.3557038025350039       1.0383224765527612
     656.3559039359573717       0.9687052184767210
     656.3561040693796258       0.9304637124049245
     656.3563042028018799       0.9555725831748001
     656.3565043362241340       1.0043375996583528
     656.3567044696465018       1.0141387829744839
     656.3569046030687559       1.0139861743760605
     656.3571047364910100       0.9808984695991674
     656.3573048699132642       0.9916609149052853
     656.3575050033356320       0.9121297043804774
     656.3577051367578861       0.9701641740434681
     656.3579052701801402       1.0139280319593016
     656.3581054036023943       1.0108091114644617
     656.3583055370246484       1.0387290417293209
     656.3585056704470162       0.9549111040530550
     656.3587058038692703       0.8793489711386340
     656.3589059372915244       0.9828777770853075
     656.3591060707137785       0.9612543636912250
     656.3593062041361463       1.0110777385076721
     656.3595063375584004       1.1205689151338021
     656.3597064709806546       0.9219516914427558
     656.3599066044029087       1.0669823849956415
     656.3601067378252765       1.0033063835711236
     656.3603068712475306       0.9883406902320431
     656.3605070046697847       0.9268732370781440
     656.3607071380920388       0.9163291853513678
     656.3609072715144066       0.9365936433685854
     656.3611074049366607       0.9802928598643618
     656.3613075383589148       1.0755531735259940
     656.3615076717811689       0.9883979104306927
     656.3617078052035367       1.0005830225427914
     656.3619079386257908       0.9847949993127253
     656.3621080720480450       0.9477747816996698
     656.3623082054702991       1.0123592307993059
     656.3625083388926669       0.9812952325052680
     656.3627084723149210       1.0415010774803735
     656.3629086057371751       1.0451772193207807
     656.3631087391594292       1.0751315758614384
     656.3633088725817970       0.9281516792990844
     656.3635090060040511       0.9864459819157660
     656.3637091394263052       0.9028311894298963
     656.3639092728485593       0.9379168150326673
     656.3641094062708135       0.9869981898075721
     656.3643095396931813       0.9604744495485643
     656.3645096731154354       1.0057240533564991
     656.3647098065376895       1.0393060151250548
     656.3649099399599436       1.0182126176609081
     656.3651100733823114       1.0121837114133565
     656.3653102068045655       0.9619544140769503
     656.3655103402268196       1.0335887041126453
     656.3657104736490737       0.9477017795196744
     656.3659106070714415       0.9541869629572471
     656.3661107404936956       1.0981798382087316
     656.3663108739159497       0.9842368037818633
     656.3665110073382039       0.9195774860899779
     656.3667111407605717       1.0061538619290751
     656.3669112741828258       0.8549947734792216
     656.3671114076050799       1.0166033186939285
     656.3673115410273340       1.1799979654899748
     656.3675116744497018       0.8820367528515342
     656.3677118078719559       1.0023409809319404
     656.3679119412942100       1.0641442983576672
     656.3681120747164641       1.0089670139745999
     656.3683122081388319       1.0350082665287550
     656.3685123415610860       0.9733672402517290
     656.3687124749833401       0.9908875068448693
     656.3689126084055943       1.0669021680808191
     656.3691127418278484       1.0089607294547485
     656.3693128752502162       1.0414676926958326
     656.3695130086724703       1.0446495078453428
     656.3697131420947244       1.0118512939626072
     656.3699132755169785       1.0207071211163976
     656.3701134089393463       0.9998050282575331
     656.3703135423616004       1.0383230634021412
     656.3705136757838545       1.1372627019873649
     656.3707138092061086       1.0103872334578647
     656.3709139426284764       0.9940262367013442
     656.3711140760507305       1.0052783926946049
     656.3713142094729847       0.9235400557516035
     656.3715143428952388       0.9648149199782445
     656.3717144763176066       1.0104168001561424
     656.3719146097398607       1.0732642710208253
     656.3721147431621148       0.9714340213685791
     656.3723148765843689       1.0027890927157999
     656.3725150100067367       0.9942404720932043
     656.3727151434289908       1.0260479282587629
     656.3729152768512449       1.0150382146239187
     656.3731154102734990       0.9802712630480466
     656.3733155436958668       0.9806226752698379
     656.3735156771181209       1.0637543722987148
     656.3737158105403751       0.9750562682747822
     656.3739159439626292       0.9978947890922415
     656.3741160773849970       0.9415529109537593
     656.3743162108072511       1.0094522899016733
     656.3745163442295052       0.9479924552142617
     656.3747164776517593       1.0376158617436884
     656.3749166110740134       0.9771287199109792
     656.3751167444963812       0.9978732112795113
     656.3753168779186353       0.9775974918156861
     656.3755170113408894       0.9218352213501930
     656.3757171447631436       0.9103535190224648
     656.3759172781855113       0.9768926594406366
     656.3761174116077655       0.9318975880742073
     656.3763175450300196       1.0862579867243767
     656.3765176784522737       0.9885129630565643
     656.3767178118746415       0.9116493538022041
     656.3769179452968956       1.0286267381161451
     656.3771180787191497       0.9714870844036341
     656.3773182121414038       0.8979789093136787
     656.3775183455637716       0.9679285213351250
     656.3777184789860257       0.9688115883618593
     656.3779186124082798       1.0432337820529938
     656.3781187458305340       1.0376401841640472
     656.3783188792529018       0.8955575898289680
     656.3785190126751559       0.9098717942833900
     656.3787191460974100       1.0422997809946537
     656.3789192795196641       1.0536441467702389
     656.3791194129420319       1.0787382349371910
     656.3793195463642860       0.9820343255996704
     656.3795196797865401       0.9830237906426191
     656.3797198132087942       1.0333019122481346
     656.3799199466311620       0.9396487772464752
     656.3801200800534161       1.0187081936746836
     656.3803202134756702       1.0234621986746788
     656.3805203468979244       1.0073246010579169
     656.3807204803201785       1.0586427710950375
     656.3809206137425463       0.9720567334443331
     656.3811207471648004       1.0398038215935230
     656.3813208805870545       1.0168255027383566
     656.3815210140093086       0.9989348902599886
     656.3817211474316764       0.9827747829258442
     656.3819212808539305       1.0184260550886393
     656.3821214142761846       1.0092294737696648
     656.3823215476984387       0.9346520006656647
     656.3825216811208065       1.0289321932941675
     656.3827218145430606       0.9637235999107361
     656.3829219479653148       1.0083756214007735
     656.3831220813875689       1.0322476178407669
     656.3833222148099367       0.9708555247634649
     656.3835223482321908       0.9171970412135124
     656.3837224816544449       1.0227617584168911
     656.3839226150766990       0.9886397840455174
     656.3841227484990668       0.9616465456783772
     656.3843228819213209       1.0762707069516182
     656.3845230153435750       1.0116553371772170
     656.3847231487658291       0.9703634288161993
     656.3849232821881969       0.9468470811843872
     656.3851234156104510       1.0787201821804047
     656.3853235490327052       0.9130349680781364
     656.3855236824549593       1.0757160261273384
     656.3857238158772134       0.9796806722879410
     656.3859239492995812       0.9828513525426388
     656.3861240827218353       1.0683542713522911
     656.3863242161440894       0.9995255298854318
     656.3865243495663435       0.9226771667599678
     656.3867244829887113       0.9793959353119135
     656.3869246164109654       1.0458887815475464
     656.3871247498332195       0.9898298876360059
     656.3873248832554737       0.9658383578062057
     656.3875250166778414       0.9566112384200096
     656.3877251501000956       0.9779954161494970
     656.3879252835223497       0.9342189282178879
     656.3881254169446038       0.9795388821512461
     656.3883255503669716       1.0368687137961388
     656.3885256837892257       0.9122542217373848
     656.3887258172114798       0.9846309274435043
     656.3889259506337339       1.0621000118553638
     656.3891260840561017       1.0233636405318975
     656.3893262174783558       0.9932831525802612
     656.3895263509006099       0.9506244622170925
     656.3897264843228641       0.9349347427487373
     656.3899266177452319       0.9544975645840168
     656.3901267511674860       1.0588579773902893
     656.3903268845897401       0.9672438055276871
     656.3905270180119942       0.9208933711051941
     656.3907271514343620       0.9687576051801443
     656.3909272848566161       1.0181529950350523
     656.3911274182788702       0.9241252392530441
     656.3913275517011243       0.9451853930950165
     656.3915276851233784       1.0776562914252281
     656.3917278185457462       1.0569566562771797
     656.3919279519680003       1.1183252930641174
     656.3921280853902545       0.9722227472811937
     656.3923282188125086       0.9971892777830362
     656.3925283522348764       0.9885084601119161
     656.3927284856571305       0.9090437591075897
     656.3929286190793846       1.0648703649640083
     656.3931287525016387       0.9997958458407084
     656.3933288859240065       0.9595428481698036
     656.3935290193462606       0.9735463969409466
     656.3937291527685147       1.0195364616811275
     656.3939292861907688       0.9685691148042679
     656.3941294196131366       1.0001393075363012
     656.3943295530353907       0.9878158411011100
     656.3945296864576449       0.9626783765852451
     656.3947298198798990       1.0409657470881939
     656.3949299533022668       0.9708285182714462
     656.3951300867245209       0.9055790081620216
     656.3953302201467750       1.0244780033826828
     656.3955303535690291       0.9877024004235864
     656.3957304869913969       0.9125276878476143
     656.3959306204136510       0.9553915150463581
     656.3961307538359051       0.9607788808643818
     656.3963308872581592       1.0102338194847107
     656.3965310206804133       0.9658448137342930
     656.3967311541027811       0.8765757083892822
     656.3969312875250353       1.0466582588851452
     656.3971314209472894       0.9448441080749035
     656.3973315543695435       1.0114500550553203
     656.3975316877919113       1.0141182839870453
     656.3977318212141654       1.0134605718776584
     656.3979319546364195       0.9416444823145866
     656.3981320880586736       1.0661227926611900
     656.3983322214810414       1.1014394313097000
     656.3985323549032955       1.1144169494509697
     656.3987324883255496       0.9614339508116245
     656.3989326217478038       0.9064194113016129
     656.3991327551701715       1.0244466941803694
     656.3993328885924257       0.9813621733337641
     656.3995330220146798       1.0361559838056564
     656.3997331554369339       1.0228728223592043
     656.3999332888593017       0.9367989301681519
     656.4001334222815558       1.0759200230240822
     656.4003335557038099       1.0133599890395999
     656.4005336891260640       0.9566926807165146
     656.4007338225484318       1.0175077449530363
     656.4009339559706859       0.9540597386658192
     656.4011340893929400       1.0548965111374855
     656.4013342228151942       1.0446550101041794
     656.4015343562375620       0.9727321583777666
     656.4017344896598161       1.0408456474542618
     656.4019346230820702       1.0731894820928574
     656.4021347565043243       1.0040325406007469
     656.4023348899265784       0.9506800100207329
     656.4025350233489462       0.9401538968086243
     656.4027351567712003       1.0044008339755237
     656.4029352901934544       1.0496503859758377
     656.4031354236157085       1.0167410224676132
     656.4033355570380763       0.9633459001779556
     656.4035356904603304       1.0554701089859009
     656.4037358238825846       0.9933956824243069
     656.4039359573048387       0.9227428510785103
     656.4041360907272065       0.9922418608330190
     656.4043362241494606       0.9910413827747107
     656.4045363575717147       0.8930294588208199
     656.4047364909939688       1.0059988619759679
     656.4049366244163366       0.9471868164837360
     656.4051367578385907       1.0379083566367626
     656.4053368912608448       1.1017684340476990
     656.4055370246830989       0.9252934828400612
     656.4057371581054667       1.0156413558870554
     656.4059372915277208       1.0987865626811981
     656.4061374249499750       1.0834102705121040
     656.4063375583722291       1.0332051329314709
     656.4065376917945969       0.9555972814559937
     656.4067378252168510       0.9786761179566383
     656.4069379586391051       0.9673632420599461
     656.4071380920613592       0.8915602639317513
     656.4073382254836133       0.9800775703042746
     656.4075383589059811       0.9304317906498909
     656.4077384923282352       0.9446819648146629
     656.4079386257504893       0.9473935067653656
     656.4081387591727434       1.0871170759201050
     656.4083388925951112       1.0778197050094604
     656.4085390260173654       0.9415187239646912
     656.4087391594396195       1.0034839869476855
     656.4089392928618736       0.9466577805578709
     656.4091394262842414       1.0273872818797827
     656.4093395597064955       0.8929980993270874
     656.4095396931287496       0.9579966813325882
     656.4097398265510037       1.0346385277807713
     656.4099399599733715       0.9710459131747484
     656.4101400933956256       0.9810040555894375
     656.4103402268178797       0.9076369255781174
     656.4105403602401339       0.9810475725680590
     656.4107404936625016       1.0079555213451385
     656.4109406270847558       1.0294937845319510
     656.4111407605070099       1.1197587028145790
     656.4113408939292640       0.9949595090001822
     656.4115410273516318       1.0326339937746525
     656.4117411607738859       0.9625048935413361
     656.4119412941961400       1.0613399147987366
     656.4121414276183941       1.0014739413745701
     656.4123415610407619       0.9819016978144646
     656.4125416944630160       1.0152988703921437
     656.4127418278852701       0.9934286610223353
     656.4129419613075243       0.9922710037790239
     656.4131420947297784       0.9338018298149109
     656.4133422281521462       0.9178900048136711
     656.4135423615744003       1.0362243615090847
     656.4137424949966544       1.0216906163841486
     656.4139426284189085       1.0034123864024878
     656.4141427618412763       0.9355927780270576
     656.4143428952635304       0.9015125408768654
     656.4145430286857845       0.9326206818223000
     656.4147431621080386       0.8957341685891151
     656.4149432955304064       0.9827190469950438
     656.4151434289526605       1.0064618773758411
     656.4153435623749147       0.9998704760946566
     656.4155436957971688       1.0685684978961945
     656.4157438292195366       0.8747822493314743
     656.4159439626417907       1.0326623655855656
     656.4161440960640448       0.9524677656590939
     656.4163442294862989       0.8945260271430016
     656.4165443629086667       0.9291131943464279
     656.4167444963309208       0.9801203813403845
     656.4169446297531749       1.0746443048119545
     656.4171447631754290       1.0413060449063778
     656.4173448965977968       1.0364142768085003
     656.4175450300200509       0.9885678896680474
     656.4177451634423051       1.0203303433954716
     656.4179452968645592       0.9828389901667833
     656.4181454302869270       0.9809266943484545
     656.4183455637091811       1.0135792186483741
     656.4185456971314352       1.0203315522521734
     656.4187458305536893       1.0206330846995115
     656.4189459639759434       0.9088286310434341
     656.4191460973983112       1.0162560269236565
     656.4193462308205653       1.0042486111633480
     656.4195463642428194       0.9199515655636787
     656.4197464976650735       1.0358090512454510
     656.4199466310874413       0.9519313164055347
     656.4201467645096955       1.0796963348984718
     656.4203468979319496       1.0041628023609519
     656.4205470313542037       0.9550387002527714
     656.4207471647765715       1.0333871841430664
     656.4209472981988256       0.9879442015662789
     656.4211474316210797       0.9734434280544519
     656.4213475650433338       0.9867026237770915
     656.4215476984657016       1.0752431750297546
     656.4217478318879557       1.0130346668884158
     656.4219479653102098       1.0112923355773091
     656.4221480987324640       1.0718203634023666
     656.4223482321548317       0.9717881195247173
     656.4225483655770859       1.0039935144595802
     656.4227484989993400       1.0162768699228764
     656.4229486324215941       0.9074770510196686
     656.4231487658439619       1.0456621609628201
     656.4233488992662160       1.0266662575304508
     656.4235490326884701       0.9761128816753626
     656.4237491661107242       0.9604636766016483
     656.4239492995329783       0.9878861764445901
     656.4241494329553461       1.0669295266270638
     656.4243495663776002       0.9708894956856966
     656.4245496997998544       0.9031218886375427
     656.4247498332221085       1.0861498937010765
     656.4249499666444763       0.9586339890956879
     656.4251501000667304       0.9651276692748070
     656.4253502334889845       1.0432974137365818
     656.4255503669112386       0.9719893503934145
     656.4257505003336064       1.0745605155825615
     656.4259506337558605       1.0455469898879528
     656.4261507671781146       1.0453803203999996
     656.4263509006003687       1.0117315044626594
     656.4265510340227365       1.0114160552620888
     656.4267511674449906       0.9208400696516037
     656.4269513008672448       0.9677270650863647
     656.4271514342894989       1.0106117855757475
     656.4273515677118667       0.9530016519129276
     656.4275517011341208       0.9390712082386017
     656.4277518345563749       1.0149278519675136
     656.4279519679786290       1.0024904485326260
     656.4281521014009968       1.0397578924894333
     656.4283522348232509       1.0104680322110653
     656.4285523682455050       1.0197537820786238
     656.4287525016677591       1.0141344135627151
     656.4289526350901269       0.9177553728222847
     656.4291527685123810       1.0213423687964678
     656.4293529019346352       0.9448805749416351
     656.4295530353568893       1.0465963110327721
     656.4297531687791434       0.9994190157740377
     656.4299533022015112       1.0685508474707603
     656.4301534356237653       0.9037483185529709
     656.4303535690460194       0.9778684452176094
     656.4305537024682735       1.0275678168982267
     656.4307538358906413       0.9273317530751228
     656.4309539693128954       1.0255243238061666
     656.4311541027351495       0.9911657031625509
     656.4313542361574036       0.9768887553364038
     656.4315543695797714       1.0026671492960304
     656.4317545030020256       1.0487925373017788
     656.4319546364242797       1.0255148354917765
     656.4321547698465338       0.9210142195224762
     656.4323549032689016       1.0673600658774376
     656.4325550366911557       0.9170985594391823
     656.4327551701134098       0.9802646804600954
     656.4329553035356639       1.0208413209766150
     656.4331554369580317       0.9527450166642666
     656.4333555703802858       1.0610389597713947
     656.4335557038025399       0.9348271191120148
     656.4337558372247940       1.0033047737088054
     656.4339559706471618       1.0441355518996716
     656.4341561040694160       1.0369516499340534
     656.4343562374916701       1.0041111675091088
     656.4345563709139242       1.0175143443048000
     656.4347565043361783       0.9538035541772842
     656.4349566377585461       0.9258887097239494
     656.4351567711808002       1.0291585270315409
     656.4353569046030543       1.0269271433353424
     656.4355570380253084       0.9944846723228693
     656.4357571714476762       0.9155319780111313
     656.4359573048699303       0.9984518389683217
     656.4361574382921845       0.9857957661151886
     656.4363575717144386       0.9239214733242989
     656.4365577051368064       0.9547650590538979
     656.4367578385590605       0.9538254551589489
     656.4369579719813146       0.9725362658500671
     656.4371581054035687       1.0094607425853610
     656.4373582388259365       0.9800626710057259
     656.4375583722481906       1.0470527634024620
     656.4377585056704447       0.9437712766230106
     656.4379586390926988       0.9487715549767017
     656.4381587725150666       0.9749296549707651
     656.4383589059373207       1.0470144264400005
     656.4385590393595749       0.9644468054175377
     656.4387591727818290       0.9809664729982615
     656.4389593062041968       1.0334916226565838
     656.4391594396264509       0.9453586935997009
     656.4393595730487050       1.0627739951014519
     656.4395597064709591       0.8515306264162064
     656.4397598398933269       0.9558343887329102
     656.4399599733155810       0.8870319798588753
     656.4401601067378351       0.9584463089704514
     656.4403602401600892       1.0650281533598900
     656.4405603735823433       0.9920680662617087
     656.4407605070047111       1.0015608024550602
     656.4409606404269653       1.0349156595766544
     656.4411607738492194       0.9772968329489231
     656.4413609072714735       1.0438000112771988
     656.4415610406938413       1.0210288111120462
     656.4417611741160954       0.9841385055333376
     656.4419613075383495       0.9887438090518117
     656.4421614409606036       1.0484200529754162
     656.4423615743829714       1.0460631288588047
     656.4425617078052255       1.0413237474858761
     656.4427618412274796       1.0920188352465630
     656.4429619746497337       0.8976351618766785
     656.4431621080721015       0.9785678442567587
     656.4433622414943557       1.0374567955732346
     656.4435623749166098       0.9742018226534128
     656.4437625083388639       0.8957149833440781
     656.4439626417612317       0.9258801788091660
     656.4441627751834858       1.0959098786115646
     656.4443629086057399       1.0320899263024330
     656.4445630420279940       1.1681326925754547
     656.4447631754503618       1.0731929168105125
     656.4449633088726159       0.9643199518322945
     656.4451634422948700       0.9415417015552521
     656.4453635757171241       0.9159049242734909
     656.4455637091393783       1.0375165827572346
     656.4457638425617461       1.0220787432044744
     656.4459639759840002       0.9812463950365782
     656.4461641094062543       0.9346609786152840
     656.4463642428285084       0.9977038351353258
     656.4465643762508762       1.0507478676736355
     656.4467645096731303       1.0017841452499852
     656.4469646430953844       1.0336738862097263
     656.4471647765176385       1.0291232224553823
     656.4473649099400063       0.9533054828643799
     656.4475650433622604       0.9722075071185827
     656.4477651767845146       1.0436284057796001
     656.4479653102067687       0.9393662735819817
     656.4481654436291365       1.0174372829496861
     656.4483655770513906       1.0196394901722670
     656.4485657104736447       1.0549355931580067
     656.4487658438958988       0.9992467328556813
     656.4489659773182666       1.0862660557031631
     656.4491661107405207       1.0669108778238297
     656.4493662441627748       1.0907517597079277
     656.4495663775850289       1.0230172052979469
     656.4497665110073967       0.9631018042564392
     656.4499666444296508       0.9364351183176041
     656.4501667778519050       1.0023999388795346
     656.4503669112741591       0.9210899770259857
     656.4505670446965269       0.9622163511812687
     656.4507671781187810       0.9456630684435368
     656.4509673115410351       0.9754678439348936
     656.4511674449632892       1.0270765572786331
     656.4513675783855433       1.0294294264167547
     656.4515677118079111       0.9819286726415157
     656.4517678452301652       0.9663815386593342
     656.4519679786524193       0.9925710260868073
     656.4521681120746734       0.9205389544367790
     656.4523682454970412       0.9447996541857719
     656.4525683789192954       0.9318333938717842
     656.4527685123415495       0.8806293979287148
     656.4529686457638036       0.9855134636163712
     656.4531687791861714       0.9793386831879616
     656.4533689126084255       0.8898534253239632
     656.4535690460306796       1.0974665209650993
     656.4537691794529337       0.9383042789995670
     656.4539693128753015       0.9208098128437996
     656.4541694462975556       0.9692200385034084
     656.4543695797198097       0.9684501923620701
     656.4545697131420638       0.9951373660005629
     656.4547698465644316       1.0263882409781218
     656.4549699799866858       0.9821181148290634
     656.4551701134089399       1.0269114077091217
     656.4553702468311940       1.0089767361059785
     656.4555703802535618       0.9883885318413377
     656.4557705136758159       1.1220187768340111
     656.4559706470980700       0.9430336840450764
     656.4561707805203241       1.0594970248639584
     656.4563709139425782       0.9140130281448364
     656.4565710473649460       1.0798228234052658
     656.4567711807872001       1.0011663751211017
     656.4569713142094542       0.9540650807321072
     656.4571714476317084       0.9970277729444206
     656.4573715810540762       1.0459855012595654
     656.4575717144763303       1.0405879430472851
     656.4577718478985844       1.0348874814808369
     656.4579719813208385       1.0739518404006958
     656.4581721147432063       0.9537007361650467
     656.4583722481654604       0.9255479052662849
     656.4585723815877145       0.9474796988070011
     656.4587725150099686       1.0117504168301821
     656.4589726484323364       0.9123531356453896
     656.4591727818545905       0.9544922076165676
     656.4593729152768447       0.9600196890532970
     656.4595730486990988       0.9057070314884186
     656.4597731821214666       0.9029480442404747
     656.4599733155437207       0.9993723328225315
     656.4601734489659748       1.0660853087902069
     656.4603735823882289       0.9980628864141181
     656.4605737158105967       0.9526813365519047
     656.4607738492328508       1.0515550635755062
     656.4609739826551049       1.0491686873137951
     656.4611741160773590       1.0211565420031548
     656.4613742494997268       0.9453551098704338
     656.4615743829219809       0.9471356198191643
     656.4617745163442351       0.9133612662553787
     656.4619746497664892       0.9929044954478741
     656.4621747831887433       1.0119076780974865
     656.4623749166111111       0.9984838085947558
     656.4625750500333652       1.0609867237508297
     656.4627751834556193       0.9909141398966312
     656.4629753168778734       0.9666395261883736
     656.4631754503002412       1.0098187653347850
     656.4633755837224953       0.9777197707444429
     656.4635757171447494       0.9902958311140537
     656.4637758505670035       1.0304101798683405
     656.4639759839893713       1.0137310493737459
     656.4641761174116255       1.0443635210394859
     656.4643762508338796       0.9836962558329105
     656.4645763842561337       0.9765462670475245
     656.4647765176785015       0.9954678681679070
     656.4649766511007556       0.9868489811196923
     656.4651767845230097       0.9513790905475616
     656.4653769179452638       1.0258025024086237
     656.4655770513676316       1.1174962520599365
     656.4657771847898857       1.0337947160005569
     656.4659773182121398       1.0035755850840360
     656.4661774516343939       1.0069735087454319
     656.4663775850567617       0.9954902958124876
     656.4665777184790159       1.0124061023816466
     656.4667778519012700       0.9919287832453847
     656.4669779853235241       1.0182728432118893
     656.4671781187458919       0.9625708498060703
     656.4673782521681460       0.9603370167315006
     656.4675783855904001       1.0282004922628403
     656.4677785190126542       0.9138915017247200
     656.4679786524349083       1.0637183561921120
     656.4681787858572761       0.9869798151776195
     656.4683789192795302       0.9763842932879925
     656.4685790527017843       1.0544495359063148
     656.4687791861240385       1.0710458829998970
     656.4689793195464063       1.0679985210299492
     656.4691794529686604       0.9609068036079407
     656.4693795863909145       0.9681573696434498
     656.4695797198131686       0.9928687042556703
     656.4697798532355364       1.0275892745703459
     656.4699799866577905       0.9870749423280358
     656.4701801200800446       1.0284561123698950
     656.4703802535022987       0.9642899818718433
     656.4705803869246665       1.1057857796549797
     656.4707805203469206       1.0246796887367964
     656.4709806537691748       0.9730189014226198
     656.4711807871914289       1.0216133669018745
     656.4713809206137967       0.8953160718083382
     656.4715810540360508       0.9332646802067757
     656.4717811874583049       1.1040751114487648
     656.4719813208805590       1.0581804178655148
     656.4721814543029268       0.9337610080838203
     656.4723815877251809       1.0598342902958393
     656.4725817211474350       1.0606115236878395
     656.4727818545696891       0.9727616105228662
     656.4729819879919432       0.9470081664621830
     656.4731821214143110       0.9742129202932119
     656.4733822548365652       0.9937702883034945
     656.4735823882588193       0.9961443222127855
     656.4737825216810734       1.0162240080535412
     656.4739826551034412       0.9935709275305271
     656.4741827885256953       1.0097283488139510
     656.4743829219479494       0.9508794285356998
     656.4745830553702035       1.0385114513337612
     656.4747831887925713       0.9558178707957268
     656.4749833222148254       1.0627016052603722
     656.4751834556370795       1.0290185064077377
     656.4753835890593336       0.8871629685163498
     656.4755837224817014       1.0885059088468552
     656.4757838559039556       0.9784634839743376
     656.4759839893262097       1.0611351840198040
     656.4761841227484638       1.0107013192027807
     656.4763842561708316       1.0101869050413370
     656.4765843895930857       0.9750793874263763
     656.4767845230153398       1.0235133785754442
     656.4769846564375939       1.1026991829276085
     656.4771847898599617       0.9880421822890639
     656.4773849232822158       0.9592718370258808
     656.4775850567044699       1.0229987185448408
     656.4777851901267240       0.9284648001194000
     656.4779853235490918       0.9417697899043560
     656.4781854569713460       0.9315178990364075
     656.4783855903936001       1.1008238941431046
     656.4785857238158542       0.9464546665549278
     656.4787858572381083       1.0397612787783146
     656.4789859906604761       1.0653264373540878
     656.4791861240827302       0.9372706711292267
     656.4793862575049843       0.9983311515534297
     656.4795863909272384       1.0366669185459614
     656.4797865243496062       1.0155992051586509
     656.4799866577718603       1.1568669527769089
     656.4801867911941144       0.9849982466548681
     656.4803869246163686       1.0045117652043700
     656.4805870580387364       1.0048966002650559
     656.4807871914609905       1.0206478033214808
     656.4809873248832446       0.9061417356133461
     656.4811874583054987       0.9537640698254108
     656.4813875917278665       1.0020830663852394
     656.4815877251501206       1.1071478053927422
     656.4817878585723747       0.9489680044353008
     656.4819879919946288       1.0489487200975418
     656.4821881254169966       0.9930890081450343
     656.4823882588392507       0.9994481871835887
     656.4825883922615049       1.0534260980784893
     656.4827885256837590       1.0974633395671844
     656.4829886591061268       1.0068652792833745
     656.4831887925283809       1.0025564942043275
     656.4833889259506350       0.9845708953216672
     656.4835890593728891       0.9517081715166569
     656.4837891927951432       1.0307681895792484
     656.4839893262175110       0.9626920223236084
     656.4841894596397651       1.0005128448829055
     656.4843895930620192       0.8714381456375122
     656.4845897264842733       0.9702879600226879
     656.4847898599066411       1.0232616718858480
     656.4849899933288953       0.9427505359053612
     656.4851901267511494       1.0217972584068775
     656.4853902601734035       0.9722805079072714
     656.4855903935957713       0.9767370596528053
     656.4857905270180254       0.9528946913778782
     656.4859906604402795       0.9440529868006706
     656.4861907938625336       0.9796814192086458
     656.4863909272849014       0.9890366112813354
     656.4865910607071555       1.0932429507374763
     656.4867911941294096       0.9651318900287151
     656.4869913275516637       1.0425655990839005
     656.4871914609740315       1.0278595481067896
     656.4873915943962857       1.0743181332945824
     656.4875917278185398       0.9296857491135597
     656.4877918612407939       0.9221169874072075
     656.4879919946631617       1.0888061150908470
     656.4881921280854158       1.1126295924186707
     656.4883922615076699       1.0174735318869352
     656.4885923949299240       1.0071343681775033
     656.4887925283522918       1.0588514767587185
     656.4889926617745459       0.9175424203276634
     656.4891927951968000       1.0642045065760612
     656.4893929286190541       1.1018550992012024
     656.4895930620413083       1.0077354661189020
     656.4897931954636761       0.9707742538303137
     656.4899933288859302       1.0108464695513248
     656.4901934623081843       1.0754175931215286
     656.4903935957304384       0.9819174036383629
     656.4905937291528062       0.9957847953774035
     656.4907938625750603       1.0374952517449856
     656.4909939959973144       0.9831877220422029
     656.4911941294195685       0.9553013257682323
     656.4913942628419363       0.9572553969919682
     656.4915943962641904       1.0040903477929533
     656.4917945296864445       1.0523746199905872
     656.4919946631086987       1.0524672754108906
     656.4921947965310665       1.0000325306245941
     656.4923949299533206       1.0064999372698367
     656.4925950633755747       1.0285651590675116
     656.4927951967978288       1.0403015576303005
     656.4929953302201966       0.9963123884517699
     656.4931954636424507       0.9760325644165277
     656.4933955970647048       1.0394829995930195
     656.4935957304869589       1.0815241783857346
     656.4937958639093267       1.0184255745261908
     656.4939959973315808       1.0332224443554878
     656.4941961307538350       1.0409382879734039
     656.4943962641760891       1.0511847808957100
     656.4945963975983432       1.0100630139932036
     656.4947965310207110       0.9722792915999889
     656.4949966644429651       0.9586509093642235
     656.4951967978652192       1.0521070174872875
     656.4953969312874733       0.9312833845615387
     656.4955970647098411       0.9627761356532574
     656.4957971981320952       1.0564523227512836
     656.4959973315543493       0.9883498949930072
     656.4961974649766034       1.0198415927588940
     656.4963975983989712       1.0649343058466911
     656.4965977318212254       1.0279164016246796
     656.4967978652434795       0.9989879834465683
     656.4969979986657336       1.1006774231791496
     656.4971981320881014       0.9859344838187099
     656.4973982655103555       1.0695058628916740
     656.4975983989326096       0.9561965875327587
     656.4977985323548637       1.0784852057695389
     656.4979986657772315       0.9559846110641956
     656.4981987991994856       0.9393850564956665
     656.4983989326217397       0.9970144841354340
     656.4985990660439938       0.9942497373558581
     656.4987991994663616       0.9994401964358985
     656.4989993328886158       1.0101238647475839
     656.4991994663108699       1.0614263378083706
     656.4993995997331240       1.0229851994663477
     656.4995997331554918       1.0316576734185219
     656.4997998665777459       1.0416907593607903
     656.5000000000000000       1.0098761012777686
