     656.2000000000000455       0.9212374761700630
     656.2002001334222996       1.0756656229496002
     656.2004002668445537       1.0489626042544842
     656.2006004002669215       0.9326517581939697
     656.2008005336891756       1.0316591858863831
     656.2010006671114297       0.9899547677487135
     656.2012008005336838       1.0446753911674023
     656.2014009339560516       1.0227850452065468
     656.2016010673783057       0.9533489421010017
     656.2018012008005599       1.0595745630562305
     656.2020013342228140       1.0119567988440394
     656.2022014676451818       0.8262887299060822
     656.2024016010674359       0.9978804341517389
     656.2026017344896900       1.0602623522281647
     656.2028018679119441       0.9550793170928955
     656.2030020013343119       1.0005106991156936
     656.2032021347565660       1.0087526673451066
     656.2034022681788201       0.9808316752314568
     656.2036024016010742       0.9322637021541595
     656.2038025350234420       1.0405016019940376
     656.2040026684456961       0.9737371373921633
     656.2042028018679503       1.0234511476010084
     656.2044029352902044       1.0183575209230185
     656.2046030687125722       1.0330985113978386
     656.2048032021348263       0.9972736961208284
     656.2050033355570804       1.0738167464733124
     656.2052034689793345       1.0231933910399675
     656.2054036024017023       0.9638765528798103
     656.2056037358239564       0.9704955089837313
     656.2058038692462105       1.0803556591272354
     656.2060040026684646       0.9929831647314131
     656.2062041360907187       0.9565093405544758
     656.2064042695130865       0.9817283004522324
     656.2066044029353407       1.0537544004619122
     656.2068045363575948       1.0089061772450805
     656.2070046697798489       1.0903983339667320
     656.2072048032022167       1.0385759286582470
     656.2074049366244708       1.0919895693659782
     656.2076050700467249       0.9917755806818604
     656.2078052034689790       0.9634982533752918
     656.2080053368913468       1.0000894791592145
     656.2082054703136009       1.0098697924986482
     656.2084056037358550       1.0721635743975639
     656.2086057371581092       0.9519654549658298
     656.2088058705804769       1.0410755239427090
     656.2090060040027311       0.9943967200815678
     656.2092061374249852       0.8988591060042381
     656.2094062708472393       1.0732931420207024
     656.2096064042696071       0.9359284639358521
     656.2098065376918612       0.9962930411566049
     656.2100066711141153       1.0468723736703396
     656.2102068045363694       0.9664979837834835
     656.2104069379587372       0.9616814814507961
     656.2106070713809913       0.9866079045459628
     656.2108072048032454       1.0223404895514250
     656.2110073382254996       1.0406870096921921
     656.2112074716477537       0.9549618847668171
     656.2114076050701215       1.0781799629330635
     656.2116077384923756       1.0433890521526337
     656.2118078719146297       1.0159625317901373
     656.2120080053368838       1.0854225680232048
     656.2122081387592516       0.9996158581052441
     656.2124082721815057       1.0774518176913261
     656.2126084056037598       1.0100616803392768
     656.2128085390260139       0.9721545744687319
     656.2130086724483817       0.8960216864943504
     656.2132088058706358       1.0261065252125263
     656.2134089392928900       1.0518103241920471
     656.2136090727151441       0.9069346860051155
     656.2138092061375119       1.0518649183213711
     656.2140093395597660       0.9177313894033432
     656.2142094729820201       1.0478018410503864
     656.2144096064042742       1.0664309635758400
     656.2146097398266420       1.0024645731318742
     656.2148098732488961       1.0031036450527608
     656.2150100066711502       0.9367001578211784
     656.2152101400934043       0.9585964083671570
     656.2154102735157721       0.9156088009476662
     656.2156104069380262       1.0205404013395309
     656.2158105403602804       0.9792862385511398
     656.2160106737825345       0.9983374775620177
     656.2162108072049023       1.0438564382493496
     656.2164109406271564       1.0015345228603110
     656.2166110740494105       1.0578428320586681
     656.2168112074716646       0.9940440990030766
     656.2170113408939187       1.0087352627888322
     656.2172114743162865       0.9979829513467848
     656.2174116077385406       1.0633720159530640
     656.2176117411607947       0.9997746768640354
     656.2178118745830488       1.0169341806322336
     656.2180120080054166       1.0621061734855175
     656.2182121414276708       1.0421666204929352
     656.2184122748499249       0.9454186558723450
     656.2186124082721790       1.0537065267562866
     656.2188125416945468       1.0091781262308359
     656.2190126751168009       1.0576520562171936
     656.2192128085390550       1.0149008203297853
     656.2194129419613091       0.9373948723077774
     656.2196130753836769       0.9666171707212925
     656.2198132088059310       1.0047695618122816
     656.2200133422281851       0.9771539922803640
     656.2202134756504392       1.0017833728343248
     656.2204136090728070       1.0253944844007492
     656.2206137424950612       1.0411162264645100
     656.2208138759173153       0.9687470532953739
     656.2210140093395694       0.9380421750247478
     656.2212141427619372       1.0656500384211540
     656.2214142761841913       1.0394757166504860
     656.2216144096064454       0.9594553671777248
     656.2218145430286995       0.9456152543425560
     656.2220146764509536       1.0196112226694822
     656.2222148098733214       0.9692305419594049
     656.2224149432955755       1.0260085854679346
     656.2226150767178297       0.9459855556488037
     656.2228152101400838       0.9486378915607929
     656.2230153435624516       1.0694524869322777
     656.2232154769847057       0.9875965751707554
     656.2234156104069598       1.0288085527718067
     656.2236157438292139       1.0245112683624029
     656.2238158772515817       0.9870696319267154
     656.2240160106738358       1.0213087033480406
     656.2242161440960899       0.9831146374344826
     656.2244162775183440       0.9709255117923021
     656.2246164109407118       1.0134843308478594
     656.2248165443629659       0.9277043491601944
     656.2250166777852201       0.8914257660508156
     656.2252168112074742       1.0410253070294857
     656.2254169446298420       1.0064227166585624
     656.2256170780520961       0.9399581849575043
     656.2258172114743502       0.8997615650296211
     656.2260173448966043       1.0907710343599319
     656.2262174783189721       1.0311116762459278
     656.2264176117412262       0.9968053114134818
     656.2266177451634803       0.9443504922091961
     656.2268178785857344       1.0445836149156094
     656.2270180120081022       0.9813435412943363
     656.2272181454303563       0.9614817537367344
     656.2274182788526105       1.1051874980330467
     656.2276184122748646       1.0055095939897001
     656.2278185456971187       1.0103370007127523
     656.2280186791194865       1.0189240258187056
     656.2282188125417406       1.0659501999616623
     656.2284189459639947       0.9274099469184875
     656.2286190793862488       1.0496851913630962
     656.2288192128086166       0.9837375003844500
     656.2290193462308707       1.0256743580102921
     656.2292194796531248       1.0119847757741809
     656.2294196130753789       0.9611752331256866
     656.2296197464977467       1.0569029040634632
     656.2298198799200009       0.9713876303285360
     656.2300200133422550       1.0013839303283021
     656.2302201467645091       1.1043667420744896
     656.2304202801868769       0.9534986987709999
     656.2306204136091310       0.9819475580006838
     656.2308205470313851       1.1138601824641228
     656.2310206804536392       0.9840049017220736
     656.2312208138760070       0.9506643041968346
     656.2314209472982611       0.9018820077180862
     656.2316210807205152       0.9444942884147167
     656.2318212141427693       1.0370890647172928
     656.2320213475651371       0.9937445623800159
     656.2322214809873913       1.0549984872341156
     656.2324216144096454       1.0502868406474590
     656.2326217478318995       1.0028038700111210
     656.2328218812541536       0.9381788074970245
     656.2330220146765214       0.9499840922653675
     656.2332221480987755       0.9667849205434322
     656.2334222815210296       0.9998887688925606
     656.2336224149432837       1.0208328999578953
     656.2338225483656515       1.0180795323103666
     656.2340226817879056       0.9901127433404326
     656.2342228152101598       0.9928644066676497
     656.2344229486324139       0.9627986438572407
     656.2346230820547817       0.9563245512545109
     656.2348232154770358       1.0637857988476753
     656.2350233488992899       1.0841651186347008
     656.2352234823215440       0.9670936055481434
     656.2354236157439118       1.0646056532859802
     656.2356237491661659       1.0912813842296600
     656.2358238825884200       0.9292533099651337
     656.2360240160106741       1.0697423368692398
     656.2362241494330419       1.0010961815714836
     656.2364242828552960       1.0299044251441956
     656.2366244162775502       0.9694042522460222
     656.2368245496998043       1.0351424030959606
     656.2370246831221721       0.9502513445913792
     656.2372248165444262       0.9729792922735214
     656.2374249499666803       0.9384330734610558
     656.2376250833889344       0.9639385826885700
     656.2378252168113022       0.9514873363077641
     656.2380253502335563       1.0818829759955406
     656.2382254836558104       0.9451892711222172
     656.2384256170780645       0.9883390432223678
     656.2386257505003186       0.9934785724617541
     656.2388258839226864       1.0537143647670746
     656.2390260173449406       0.9496773704886436
     656.2392261507671947       1.0636440590023994
     656.2394262841894488       1.0496978126466274
     656.2396264176118166       0.9581941850483418
     656.2398265510340707       0.8612374365329742
     656.2400266844563248       0.9876771019771695
     656.2402268178785789       1.0246594380587339
     656.2404269513009467       0.9931992329657078
     656.2406270847232008       0.8987154215574265
     656.2408272181454549       1.0205157380551100
     656.2410273515677090       1.0138599565252662
     656.2412274849900768       0.9924845858477056
     656.2414276184123310       1.0508810654282570
     656.2416277518345851       1.0107199149206281
     656.2418278852568392       0.9236132875084877
     656.2420280186792070       0.9421001672744751
     656.2422281521014611       1.0511257834732533
     656.2424282855237152       0.9487006999552250
     656.2426284189459693       1.0122823966667056
     656.2428285523683371       0.9579347409307957
     656.2430286857905912       0.9935968392528594
     656.2432288192128453       0.9942777170799673
     656.2434289526350994       1.0203822292387486
     656.2436290860574672       1.0212878491729498
     656.2438292194797214       1.0488699190318584
     656.2440293529019755       0.9956064610742033
     656.2442294863242296       0.9331215023994446
     656.2444296197464837       0.9960140106268227
     656.2446297531688515       1.0876248627901077
     656.2448298865911056       1.0019453412387520
     656.2450300200133597       0.9826316107064486
     656.2452301534356138       1.0372012853622437
     656.2454302868579816       0.9439075216650963
     656.2456304202802357       0.9511268474161625
     656.2458305537024899       0.9893381251022220
     656.2460306871247440       0.9808313716202974
     656.2462308205471118       0.9800003115087748
     656.2464309539693659       0.8959567993879318
     656.2466310873916200       1.0187039170414209
     656.2468312208138741       1.0097997291013598
     656.2470313542362419       1.0040368759073317
     656.2472314876584960       1.0012645487440750
     656.2474316210807501       1.0271756779402494
     656.2476317545030042       0.9670538157224655
     656.2478318879253720       0.9670744501054287
     656.2480320213476261       1.0316801555454731
     656.2482321547698803       1.0746953561902046
     656.2484322881921344       1.0747336968779564
     656.2486324216145022       0.9013180434703827
     656.2488325550367563       1.0225241314619780
     656.2490326884590104       0.9399057328701019
     656.2492328218812645       1.0471115484833717
     656.2494329553035186       0.9492004737257957
     656.2496330887258864       1.0355042628943920
     656.2498332221481405       0.9885538648813963
     656.2500333555703946       1.0291516184806824
     656.2502334889926487       1.0595569387078285
     656.2504336224150165       1.0831321105360985
     656.2506337558372707       0.9980033712927252
     656.2508338892595248       0.9098236039280891
     656.2510340226817789       0.9793230108916759
     656.2512341561041467       1.0985771790146828
     656.2514342895264008       1.0423420332372189
     656.2516344229486549       0.9799296054989100
     656.2518345563709090       1.0600508823990822
     656.2520346897932768       1.0782030001282692
     656.2522348232155309       1.0162445884197950
     656.2524349566377850       0.9889811007305980
     656.2526350900600391       0.9271173402667046
     656.2528352234824069       1.0216606911271811
     656.2530353569046611       1.0165521055459976
     656.2532354903269152       1.0198316220194101
     656.2534356237491693       1.0404204688966274
     656.2536357571715371       1.0206281077116728
     656.2538358905937912       0.9501643516123295
     656.2540360240160453       1.0518800914287567
     656.2542361574382994       1.0022447956725955
     656.2544362908606672       1.0258488655090332
     656.2546364242829213       1.0469804890453815
     656.2548365577051754       1.0543644204735756
     656.2550366911274295       1.0715784952044487
     656.2552368245496837       0.9949415894225240
     656.2554369579720515       0.9154956564307213
     656.2556370913943056       1.0353436209261417
     656.2558372248165597       0.9833115860819817
     656.2560373582388138       1.0222444143146276
     656.2562374916611816       1.0017419466748834
     656.2564376250834357       0.9525251872837543
     656.2566377585056898       0.9655894935131073
     656.2568378919279439       0.9857530221343040
     656.2570380253503117       0.9866386847570539
     656.2572381587725658       1.0186158325523138
     656.2574382921948200       1.0548027455806732
     656.2576384256170741       0.9735637698322535
     656.2578385590394419       0.9968328888062388
     656.2580386924616960       0.9971069300081581
     656.2582388258839501       0.9901179904118180
     656.2584389593062042       0.9980145213194191
     656.2586390927285720       1.0203568749129772
     656.2588392261508261       1.0263400524854660
     656.2590393595730802       1.0019933430012316
     656.2592394929953343       0.9381849579513073
     656.2594396264177021       1.0270648356527090
     656.2596397598399562       0.9884762596338987
     656.2598398932622104       1.0283976476639509
     656.2600400266844645       1.0864605829119682
     656.2602401601067186       1.0527975969016552
     656.2604402935290864       0.9673142246901989
     656.2606404269513405       1.0998910143971443
     656.2608405603735946       0.9999177368954406
     656.2610406937958487       1.0156907662749290
     656.2612408272182165       1.0821119174361229
     656.2614409606404706       1.0540090687572956
     656.2616410940627247       1.0713672414422035
     656.2618412274849788       1.0438160859048367
     656.2620413609073466       0.9469013139605522
     656.2622414943296008       0.8644739836454391
     656.2624416277518549       0.9943355973809958
     656.2626417611741090       0.9978736883495003
     656.2628418945964768       1.0390439108014107
     656.2630420280187309       1.0793415531516075
     656.2632421614409850       1.0677005946636200
     656.2634422948632391       1.0799180939793587
     656.2636424282856069       0.9732970595359802
     656.2638425617078610       1.0041161645203829
     656.2640426951301151       0.9620254375040531
     656.2642428285523692       1.0653471872210503
     656.2644429619747370       1.0060747587122023
     656.2646430953969912       0.9634446203708649
     656.2648432288192453       1.0783773511648178
     656.2650433622414994       0.9473414756357670
     656.2652434956638672       0.9756590686738491
     656.2654436290861213       1.0309829004108906
     656.2656437625083754       1.0251297634094954
     656.2658438959306295       1.0132775222882628
     656.2660440293528836       1.0087037999182940
     656.2662441627752514       1.0298904217779636
     656.2664442961975055       0.9106816202402115
     656.2666444296197596       0.9790045116096735
     656.2668445630420138       0.9331179037690163
     656.2670446964643816       1.1068473011255264
     656.2672448298866357       1.0206839423626661
     656.2674449633088898       0.9571848437190056
     656.2676450967311439       1.0517497174441814
     656.2678452301535117       0.9750777222216129
     656.2680453635757658       1.0725687667727470
     656.2682454969980199       1.0435611568391323
     656.2684456304202740       0.9868590561673045
     656.2686457638426418       1.0166330952197313
     656.2688458972648959       0.9850257234647870
     656.2690460306871501       0.9228225797414780
     656.2692461641094042       1.0050140405073762
     656.2694462975317720       0.9725691527128220
     656.2696464309540261       0.9623245783150196
     656.2698465643762802       1.0643132850527763
     656.2700466977985343       1.0349433831870556
     656.2702468312209021       0.9897831985726953
     656.2704469646431562       1.0195167660713196
     656.2706470980654103       1.0523529611527920
     656.2708472314876644       1.0356081575155258
     656.2710473649099185       1.0562013797461987
     656.2712474983322863       0.9627455472946167
     656.2714476317545405       0.9309808835387230
     656.2716477651767946       1.0279179364442825
     656.2718478985990487       1.0440263412892818
     656.2720480320214165       1.0612024031579494
     656.2722481654436706       1.0365267433226109
     656.2724482988659247       0.9913024874404073
     656.2726484322881788       1.0082134818658233
     656.2728485657105466       1.0033138883300126
     656.2730486991328007       0.9683670736849308
     656.2732488325550548       0.9297505915164948
     656.2734489659773089       1.0242417510598898
     656.2736490993996767       1.0370304398238659
     656.2738492328219309       1.1022403612732887
     656.2740493662441850       1.0357239954173565
     656.2742494996664391       1.0527614764869213
     656.2744496330888069       1.0055994731374085
     656.2746497665110610       0.9685165621340275
     656.2748498999333151       1.0133044216781855
     656.2750500333555692       1.0133558725938201
     656.2752501667779370       0.9751550126820803
     656.2754503002001911       1.0136908059939742
     656.2756504336224452       1.0261843781918287
     656.2758505670446993       0.9404506087303162
     656.2760507004670671       0.9152473136782646
     656.2762508338893213       1.0068059000186622
     656.2764509673115754       1.0210874043405056
     656.2766511007338295       1.0028117580804974
     656.2768512341560836       0.9800583906471729
     656.2770513675784514       1.0445214249193668
     656.2772515010007055       1.0465768426656723
     656.2774516344229596       0.9952340340241790
     656.2776517678452137       0.9578904323279858
     656.2778519012675815       0.9039203152060509
     656.2780520346898356       0.9648727700114250
     656.2782521681120897       1.0556853413581848
     656.2784523015343439       1.0072147171013057
     656.2786524349567117       0.9977074286434799
     656.2788525683789658       0.9451003298163414
     656.2790527018012199       1.0541262291371822
     656.2792528352234740       1.0510617904365063
     656.2794529686458418       1.0433596745133400
     656.2796531020680959       1.0685048326849937
     656.2798532354903500       0.9972045146860182
     656.2800533689126041       1.0094879409298301
     656.2802535023349719       1.0332396849989891
     656.2804536357572260       1.0857735499739647
     656.2806537691794802       0.9690126534551382
     656.2808539026017343       1.0276659335941076
     656.2810540360241021       1.0681596323847771
     656.2812541694463562       0.9218600168824196
     656.2814543028686103       0.9948055618442595
     656.2816544362908644       1.0066410712897778
     656.2818545697131185       1.0870822072029114
     656.2820547031354863       1.0665518119931221
     656.2822548365577404       0.9995049412245862
     656.2824549699799945       0.9981069776695222
     656.2826551034022486       1.0314999334514141
     656.2828552368246164       0.9791574515402317
     656.2830553702468706       1.0117064714431763
     656.2832555036691247       1.0610346868634224
     656.2834556370913788       1.0116402851417661
     656.2836557705137466       0.9730457160621881
     656.2838559039360007       1.0639643743634224
     656.2840560373582548       0.9189121723175049
     656.2842561707805089       0.9396604299545288
     656.2844563042028767       1.0021975492127240
     656.2846564376251308       0.9795446526259184
     656.2848565710473849       0.9709833767265081
     656.2850567044696390       0.9965058763045818
     656.2852568378920068       0.9700871370732784
     656.2854569713142610       0.9818518701940775
     656.2856571047365151       1.0386636145412922
     656.2858572381587692       0.9826693143695593
     656.2860573715811370       1.0573834590613842
     656.2862575050033911       1.0795046314597130
     656.2864576384256452       1.0547665543854237
     656.2866577718478993       0.9946447950787842
     656.2868579052702671       0.9788834899663925
     656.2870580386925212       1.0652961283922195
     656.2872581721147753       1.0063320184126496
     656.2874583055370294       0.9890039348974824
     656.2876584389592836       1.0804367363452911
     656.2878585723816514       1.0302406735718250
     656.2880587058039055       1.0589272864162922
     656.2882588392261596       0.9825332313776016
     656.2884589726484137       0.9733677115291357
     656.2886591060707815       1.1009560599923134
     656.2888592394930356       0.9982152135344222
     656.2890593729152897       0.9734511077404022
     656.2892595063375438       0.9564946256577969
     656.2894596397599116       0.9497272409498692
     656.2896597731821657       0.9623947478830814
     656.2898599066044198       1.0062357573769987
     656.2900600400266740       0.9935350939631462
     656.2902601734490418       1.0799997523427010
     656.2904603068712959       0.9043054431676865
     656.2906604402935500       1.0434058867394924
     656.2908605737158041       1.0354167483747005
     656.2910607071381719       0.9637948684394360
     656.2912608405604260       0.9790152162313461
     656.2914609739826801       0.9921522997319698
     656.2916611074049342       0.9705049544572830
     656.2918612408273020       1.1041783615946770
     656.2920613742495561       1.0206505134701729
     656.2922615076718103       0.9711104203015566
     656.2924616410940644       0.9370961785316467
     656.2926617745164322       0.9897832665592432
     656.2928619079386863       1.1264773458242416
     656.2930620413609404       1.0300011914223433
     656.2932621747831945       0.9700885377824306
     656.2934623082054486       0.9662728942930698
     656.2936624416278164       1.0091214962303638
     656.2938625750500705       1.0751268938183784
     656.2940627084723246       1.0785437971353531
     656.2942628418945787       1.0258511193096638
     656.2944629753169465       0.9440710581839085
     656.2946631087392007       1.0103888949379325
     656.2948632421614548       1.0080142887309194
     656.2950633755837089       1.0447728037834167
     656.2952635090060767       1.0373191088438034
     656.2954636424283308       1.0366665832698345
     656.2956637758505849       0.9782783184200525
     656.2958639092728390       1.0283734984695911
     656.2960640426952068       0.9776669777929783
     656.2962641761174609       0.9821909405291080
     656.2964643095397150       1.0657871216535568
     656.2966644429619691       1.0199905037879944
     656.2968645763843369       1.0133037818595767
     656.2970647098065911       1.0239495709538460
     656.2972648432288452       0.9911169512197375
     656.2974649766510993       1.0392088294029236
     656.2976651100734671       0.9985484186327085
     656.2978652434957212       1.0362390950322151
     656.2980653769179753       0.9760276172310114
     656.2982655103402294       1.0009489193907939
     656.2984656437624835       0.9070197716355324
     656.2986657771848513       0.9857297101989388
     656.2988659106071054       0.9817954450845718
     656.2990660440293595       0.9980493343900889
     656.2992661774516137       1.0172690358012915
     656.2994663108739815       0.9570004679262638
     656.2996664442962356       1.0328970849514008
     656.2998665777184897       0.8862116560339928
     656.3000667111407438       0.9040496423840523
     656.3002668445631116       0.9850551988929510
     656.3004669779853657       1.0201780851930380
     656.3006671114076198       1.1080018877983093
     656.3008672448298739       0.9820799324661493
     656.3010673782522417       1.0539617016911507
     656.3012675116744958       1.0260160695761442
     656.3014676450967499       0.9581918232142925
     656.3016677785190041       1.0147242117673159
     656.3018679119413719       1.0409579165279865
     656.3020680453636260       0.9639077298343182
     656.3022681787858801       1.0407074131071568
     656.3024683122081342       0.9912275644019246
     656.3026684456305020       0.9358951225876808
     656.3028685790527561       0.9670225419104099
     656.3030687124750102       0.9289119765162468
     656.3032688458972643       0.9058046564459801
     656.3034689793196321       0.9719464182853699
     656.3036691127418862       1.0169154722243547
     656.3038692461641403       0.9906981596723199
     656.3040693795863945       0.9873483609408140
     656.3042695130086486       0.9892837340012193
     656.3044696464310164       0.9838717151433229
     656.3046697798532705       1.0014329298865050
     656.3048699132755246       0.9849300356581807
     656.3050700466977787       1.0699213743209839
     656.3052701801201465       1.0511630438268185
     656.3054703135424006       0.9533647522330284
     656.3056704469646547       0.9980138726532459
     656.3058705803869088       1.0022237766534090
     656.3060707138092766       0.9988361904397607
     656.3062708472315308       0.9923490635119379
     656.3064709806537849       0.9826636798679829
     656.3066711140760390       1.0370183661580086
     656.3068712474984068       0.9751233197748661
     656.3070713809206609       1.0621308758854866
     656.3072715143429150       1.0235822927206755
     656.3074716477651691       0.8829421028494835
     656.3076717811875369       0.9504865892231464
     656.3078719146097910       0.9718750417232513
     656.3080720480320451       0.9673884734511375
     656.3082721814542992       0.9366738498210907
     656.3084723148766670       0.9471939392387867
     656.3086724482989212       1.0356708876788616
     656.3088725817211753       1.0314557068049908
     656.3090727151434294       1.0022956775501370
     656.3092728485656835       0.9908128408715129
     656.3094729819880513       1.0101990215480328
     656.3096731154103054       0.9639403000473976
     656.3098732488325595       0.9950867025181651
     656.3100733822548136       1.0602209568023682
     656.3102735156771814       0.9823031444102526
     656.3104736490994355       1.0342339687049389
     656.3106737825216896       1.0167053639888763
     656.3108739159439438       0.9647552445530891
     656.3110740493663116       0.9331406131386757
     656.3112741827885657       1.1000334545969963
     656.3114743162108198       0.9852558942511677
     656.3116744496330739       1.0113282408565281
     656.3118745830554417       1.0208116713911290
     656.3120747164776958       0.9907310670241709
     656.3122748498999499       1.0247013159096234
     656.3124749833222040       1.0451030358672133
     656.3126751167445718       0.9027715101838097
     656.3128752501668259       1.0758729353547074
     656.3130753835890800       1.0001979301450743
     656.3132755170113342       0.9384209141135168
     656.3134756504337020       1.0270019024610448
     656.3136757838559561       1.0102726574987066
     656.3138759172782102       1.0303405709564530
     656.3140760507004643       1.0133915143087275
     656.3142761841228321       1.0051837400532921
     656.3144763175450862       1.0229202937334281
     656.3146764509673403       1.1004407554864160
     656.3148765843895944       0.9759446103124755
     656.3150767178118485       0.9626100584863080
     656.3152768512342163       1.0499276481566584
     656.3154769846564704       1.0750965625044455
     656.3156771180787246       1.1093977466220961
     656.3158772515009787       1.0007142738898089
     656.3160773849233465       0.9845518814390188
     656.3162775183456006       0.9987693021525768
     656.3164776517678547       1.0089291231686963
     656.3166777851901088       1.0635054632993155
     656.3168779186124766       1.0535795986612260
     656.3170780520347307       0.9579672254565063
     656.3172781854569848       0.9678368531086942
     656.3174783188792389       1.0744634792094923
     656.3176784523016067       1.0059961504142723
     656.3178785857238609       1.0461700446678657
     656.3180787191461150       1.0282921138835492
     656.3182788525683691       1.0515557005560652
     656.3184789859907369       1.0156977082919361
     656.3186791194129910       0.9730275514612065
     656.3188792528352451       1.0234378835863009
     656.3190793862574992       1.0096701177058449
     656.3192795196798670       0.9468471219360139
     656.3194796531021211       0.9736044049868532
     656.3196797865243752       1.0084837791881456
     656.3198799199466293       1.0780005151122893
     656.3200800533688835       1.0284101694249208
     656.3202801867912513       0.9927695857598520
     656.3204803202135054       1.0800368919995362
     656.3206804536357595       1.0076622025422615
     656.3208805870580136       0.9674812379001875
     656.3210807204803814       1.0427020341565318
     656.3212808539026355       1.0456872458324851
     656.3214809873248896       1.0658056743882258
     656.3216811207471437       0.9195424229076666
     656.3218812541695115       1.0877907678453742
     656.3220813875917656       1.0777408768745542
     656.3222815210140197       0.9856643893856143
     656.3224816544362739       1.0735056343571645
     656.3226817878586417       1.0397968741061494
     656.3228819212808958       1.0390057186312762
     656.3230820547031499       0.9991838593655635
     656.3232821881254040       0.9615702789374782
     656.3234823215477718       0.8982783119104361
     656.3236824549700259       1.0745602293405030
     656.3238825883922800       1.0228060740508182
     656.3240827218145341       1.0672739304868903
     656.3242828552369019       1.0509263786961975
     656.3244829886591560       1.0200746251414836
     656.3246831220814101       1.0288701006434189
     656.3248832555036643       1.0019831928392968
     656.3250833889260321       0.9998999561453424
     656.3252835223482862       1.0609681114225897
     656.3254836557705403       1.0447133081075162
     656.3256837891927944       0.8986719316616666
     656.3258839226150485       0.9992054251878282
     656.3260840560374163       1.0455058145507112
     656.3262841894596704       1.0108362074894552
     656.3264843228819245       0.9985562018803313
     656.3266844563041786       1.0956215648345755
     656.3268845897265464       0.9672935261072486
     656.3270847231488005       1.0278168066679165
     656.3272848565710547       0.9505346379722343
     656.3274849899933088       0.9934694386046249
     656.3276851234156766       1.0536958218018042
     656.3278852568379307       0.9713084078025295
     656.3280853902601848       0.9520171186949898
     656.3282855236824389       0.9856787607084815
     656.3284856571048067       0.9454174836124504
     656.3286857905270608       1.0182437668302016
     656.3288859239493149       1.1375763910831282
     656.3290860573715690       1.0240674634148195
     656.3292861907939368       0.9348696096015658
     656.3294863242161910       1.0501300274754355
     656.3296864576384451       0.9203916832971025
     656.3298865910606992       1.0279289419759341
     656.3300867244830670       0.9646787810421629
     656.3302868579053211       1.0001994424008509
     656.3304869913275752       0.9574412275813766
     656.3306871247498293       1.0329649226115722
     656.3308872581721971       0.9243547579348187
     656.3310873915944512       0.9752649243404670
     656.3312875250167053       1.0819484921340110
     656.3314876584389594       1.0663071154431076
     656.3316877918612136       1.0002838053538339
     656.3318879252835814       1.0501586186974881
     656.3320880587058355       1.0384146228227809
     656.3322881921280896       1.0036866658586197
     656.3324883255503437       0.9532716800170985
     656.3326884589727115       1.0239258091836922
     656.3328885923949656       1.0460955487761638
     656.3330887258172197       0.9843031901102582
     656.3332888592394738       0.9430790871936109
     656.3334889926618416       1.0552514206291783
     656.3336891260840957       0.9203717864565983
     656.3338892595063498       0.8836336043379843
     656.3340893929286040       1.0676787672734118
     656.3342895263509718       0.9328634105206162
     656.3344896597732259       0.9526090396295858
     656.3346897931954800       0.9365320579843586
     656.3348899266177341       1.0013584113002820
     656.3350900600401019       0.9907059065072927
     656.3352901934623560       0.9659430732424923
     656.3354903268846101       0.9626110661592712
     656.3356904603068642       0.9759482405307327
     656.3358905937292320       1.0278861491765716
     656.3360907271514861       0.9909411745311874
     656.3362908605737402       1.0427337754502528
     656.3364909939959944       0.9821655696346567
     656.3366911274182485       1.0321304957917170
     656.3368912608406163       1.0203070563950276
     656.3370913942628704       0.9486081188853521
     656.3372915276851245       0.9682388921805788
     656.3374916611073786       0.8644995717039884
     656.3376917945297464       0.9319514807069271
     656.3378919279520005       0.9339216899338517
     656.3380920613742546       0.9246914819960250
     656.3382921947965087       1.0030360146176611
     656.3384923282188765       1.0333887622486266
     656.3386924616411306       1.0054454750729624
     656.3388925950633848       0.9136589667236313
     656.3390927284856389       0.9532577496598239
     656.3392928619080067       0.8885372952687409
     656.3394929953302608       1.0003618074619869
     656.3396931287525149       0.8933125329321329
     656.3398932621747690       0.8514281281658598
     656.3400933955971368       0.9105986973341507
     656.3402935290193909       0.8944234004650052
     656.3404936624416450       0.8842641875581938
     656.3406937958638991       0.8938281748824485
     656.3408939292862669       0.8281051753820853
     656.3410940627085211       0.8385890373152309
     656.3412941961307752       0.9040407392435348
     656.3414943295530293       0.8847151362185056
     656.3416944629753971       0.8405221702107760
     656.3418945963976512       0.8822753447600177
     656.3420947298199053       0.7816313310897715
     656.3422948632421594       0.8230975627097564
     656.3424949966644135       0.7729374205121955
     656.3426951300867813       0.8327014904407910
     656.3428952635090354       0.8167326500667792
     656.3430953969312895       0.8030672964863101
     656.3432955303535437       0.8073927015479496
     656.3434956637759115       0.8054951259922396
     656.3436957971981656       0.8712349972444751
     656.3438959306204197       0.7837403065848019
     656.3440960640426738       0.7931637693968128
     656.3442961974650416       0.8220372441802180
     656.3444963308872957       0.7382760667795435
     656.3446964643095498       0.7712141822039532
     656.3448965977318039       0.7514890668695643
     656.3450967311541717       0.8382627369805657
     656.3452968645764258       0.8736525978014207
     656.3454969979986799       0.7558491614383693
     656.3456971314209341       0.8769251723079744
     656.3458972648433019       0.8339993085983338
     656.3460973982655560       0.7896319947667680
     656.3462975316878101       0.8124634374255255
     656.3464976651100642       0.8297801054992322
     656.3466977985324320       0.9024626921834837
     656.3468979319546861       0.7671162184970240
     656.3470980653769402       0.8692924931259720
     656.3472981987991943       0.8702954139957532
     656.3474983322214484       0.8272592949402059
     656.3476984656438162       0.8402467230325659
     656.3478985990660703       0.8419576390586934
     656.3480987324883245       0.9178344368180630
     656.3482988659105786       0.8786093717259744
     656.3484989993329464       0.8954488174452147
     656.3486991327552005       0.9472172143727026
     656.3488992661774546       0.8176533039237870
     656.3490993995997087       0.8412242496319043
     656.3492995330220765       0.8912439059855153
     656.3494996664443306       0.9174651799601280
     656.3496997998665847       0.9313692189256226
     656.3498999332888388       0.9611900942157950
     656.3501000667112066       0.9364346211019204
     656.3503002001334607       0.9168408351830724
     656.3505003335557149       1.0001932448063775
     656.3507004669779690       0.9742793791196229
     656.3509006004003368       0.9130669396703385
     656.3511007338225909       0.8393394081936847
     656.3513008672448450       0.8824664581214486
     656.3515010006670991       0.9398256132215022
     656.3517011340894669       0.9105737326292621
     656.3519012675117210       0.9991492793800280
     656.3521014009339751       0.9392200971875801
     656.3523015343562292       1.0172023484537958
     656.3525016677785970       0.9738436039176064
     656.3527018012008512       1.0284875856908311
     656.3529019346231053       0.9150211065195342
     656.3531020680453594       0.9278078546458101
     656.3533022014676135       0.9523669004807463
     656.3535023348899813       0.9100338455606035
     656.3537024683122354       0.9669503020845307
     656.3539026017344895       0.9688752548791079
     656.3541027351567436       0.9787751335274366
     656.3543028685791114       0.9629608402966170
     656.3545030020013655       0.9763648371792499
     656.3547031354236196       0.9819976979505578
     656.3549032688458738       0.9418568526623843
     656.3551034022682416       0.9106157368025609
     656.3553035356904957       1.0229370786305050
     656.3555036691127498       1.0327601638848587
     656.3557038025350039       0.9376444797084317
     656.3559039359573717       0.9250191560769988
     656.3561040693796258       1.0937802355924955
     656.3563042028018799       0.9777682327987450
     656.3565043362241340       0.9436302549388634
     656.3567044696465018       1.0176297698598380
     656.3569046030687559       0.9338763250506870
     656.3571047364910100       0.9895404310871873
     656.3573048699132642       1.0790252988210653
     656.3575050033356320       1.0602014568807383
     656.3577051367578861       0.9862708513101196
     656.3579052701801402       0.9689795005445699
     656.3581054036023943       0.9103024208384520
     656.3583055370246484       0.9761545028163758
     656.3585056704470162       0.9367630378929569
     656.3587058038692703       0.9313994752864769
     656.3589059372915244       0.9646808416477962
     656.3591060707137785       0.9501151521888036
     656.3593062041361463       0.9874181015905713
     656.3595063375584004       0.9848270120384418
     656.3597064709806546       1.0069619808449186
     656.3599066044029087       0.9926965918103746
     656.3601067378252765       1.1065790938195881
     656.3603068712475306       1.0079153410594421
     656.3605070046697847       0.9289707475102459
     656.3607071380920388       1.0156025542226530
     656.3609072715144066       0.8717898393797259
     656.3611074049366607       1.0187984367102452
     656.3613075383589148       0.9627094793458044
     656.3615076717811689       0.9927137095834347
     656.3617078052035367       0.9656802172838559
     656.3619079386257908       0.9617422865119100
     656.3621080720480450       0.9737458395909946
     656.3623082054702991       0.9519995301750618
     656.3625083388926669       1.0495647030242126
     656.3627084723149210       1.0396583810450579
     656.3629086057371751       0.9940463498881463
     656.3631087391594292       1.0144305836325094
     656.3633088725817970       1.0427244846792938
     656.3635090060040511       0.9979561074273888
     656.3637091394263052       1.0018576103308690
     656.3639092728485593       0.9950399457656272
     656.3641094062708135       1.0011369476957692
     656.3643095396931813       0.9980047613999913
     656.3645096731154354       1.0288776222496474
     656.3647098065376895       0.9662481813943545
     656.3649099399599436       0.9624511962477885
     656.3651100733823114       1.0592088051742650
     656.3653102068045655       1.0431161947895977
     656.3655103402268196       0.9233509421902744
     656.3657104736490737       1.0381706457896223
     656.3659106070714415       0.9553254627710273
     656.3661107404936956       1.0007235030960491
     656.3663108739159497       0.9745226460745255
     656.3665110073382039       1.0252931752444316
     656.3667111407605717       1.0169026975030193
     656.3669112741828258       1.0497693853122989
     656.3671114076050799       0.9504208465830181
     656.3673115410273340       0.9149512617919057
     656.3675116744497018       0.9973042631530126
     656.3677118078719559       1.0448445230049452
     656.3679119412942100       0.9422621288516175
     656.3681120747164641       1.0116267480867245
     656.3683122081388319       0.9262013505686372
     656.3685123415610860       1.0780322418542998
     656.3687124749833401       0.9472636648578712
     656.3689126084055943       0.9840654698411576
     656.3691127418278484       0.9324579438439994
     656.3693128752502162       1.0013699853792266
     656.3695130086724703       0.9647888863466215
     656.3697131420947244       1.0152080720031007
     656.3699132755169785       0.9439214200217579
     656.3701134089393463       0.9546892824112418
     656.3703135423616004       0.9208705421524451
     656.3705136757838545       1.0243038495146681
     656.3707138092061086       1.0107624929288801
     656.3709139426284764       1.1170791162613458
     656.3711140760507305       1.0169300640834418
     656.3713142094729847       0.9908025776225700
     656.3715143428952388       1.0771592258874336
     656.3717144763176066       1.0386032983279052
     656.3719146097398607       0.9509132690454974
     656.3721147431621148       1.0587449334367407
     656.3723148765843689       0.9859244236584345
     656.3725150100067367       1.0316375605663950
     656.3727151434289908       0.9987584265112420
     656.3729152768512449       0.8520763069342290
     656.3731154102734990       0.8922823741997584
     656.3733155436958668       0.8860455974912281
     656.3735156771181209       0.9301647990925047
     656.3737158105403751       0.9933173609885648
     656.3739159439626292       0.9338552206746429
     656.3741160773849970       1.0170643590384942
     656.3743162108072511       0.9610389843579127
     656.3745163442295052       0.9921141667288769
     656.3747164776517593       1.0016648982416800
     656.3749166110740134       0.8829338997601155
     656.3751167444963812       0.9964762462767806
     656.3753168779186353       1.0517593994736056
     656.3755170113408894       1.0214056354015646
     656.3757171447631436       1.0888620465993595
     656.3759172781855113       0.9996176576241657
     656.3761174116077655       0.9757166057824956
     656.3763175450300196       1.0668879151344210
     656.3765176784522737       0.9818529952317416
     656.3767178118746415       0.9740469101816376
     656.3769179452968956       0.9552830085158321
     656.3771180787191497       0.9672169685363752
     656.3773182121414038       0.9532924406230437
     656.3775183455637716       0.9934315904974930
     656.3777184789860257       0.9918999820947642
     656.3779186124082798       1.0117550147697325
     656.3781187458305340       0.9822179172188041
     656.3783188792529018       0.9308211430907248
     656.3785190126751559       0.9736451059579848
     656.3787191460974100       1.0340735502541065
     656.3789192795196641       1.0126278502866626
     656.3791194129420319       0.9363083243370056
     656.3793195463642860       0.9867469873279333
     656.3795196797865401       1.0024333184119314
     656.3797198132087942       0.9648676328361034
     656.3799199466311620       1.0278465691953897
     656.3801200800534161       0.9885521242395043
     656.3803202134756702       1.0884603038430214
     656.3805203468979244       1.1308049857616425
     656.3807204803201785       0.9422393478453159
     656.3809206137425463       1.0177823025733232
     656.3811207471648004       0.9841489307582378
     656.3813208805870545       0.9264330565929413
     656.3815210140093086       0.9038373529911041
     656.3817211474316764       1.0305000431835651
     656.3819212808539305       1.0185368414968252
     656.3821214142761846       0.9856398999691010
     656.3823215476984387       0.9588236324489117
     656.3825216811208065       1.0006341693224385
     656.3827218145430606       1.1023074910044670
     656.3829219479653148       1.0796533152461052
     656.3831220813875689       0.9201724901795387
     656.3833222148099367       1.0161868948489428
     656.3835223482321908       1.0965047031641006
     656.3837224816544449       1.0170437172055244
     656.3839226150766990       0.9009766876697540
     656.3841227484990668       1.0031696744263172
     656.3843228819213209       0.9857983896508813
     656.3845230153435750       0.9456044062972069
     656.3847231487658291       1.0512633807957172
     656.3849232821881969       1.0829006806015968
     656.3851234156104510       0.9670044742524624
     656.3853235490327052       1.0237861480563879
     656.3855236824549593       0.9987009428441525
     656.3857238158772134       0.9741902463138103
     656.3859239492995812       0.9446028210222721
     656.3861240827218353       0.9598207212984562
     656.3863242161440894       1.0554521977901459
     656.3865243495663435       0.9497997388243675
     656.3867244829887113       0.9637602493166924
     656.3869246164109654       1.0224946551024914
     656.3871247498332195       1.0329015068709850
     656.3873248832554737       0.9923290847800672
     656.3875250166778414       0.9909498365595937
     656.3877251501000956       0.9831005968153477
     656.3879252835223497       1.0418369434773922
     656.3881254169446038       1.0490266196429729
     656.3883255503669716       0.9131092876195908
     656.3885256837892257       0.9460949599742889
     656.3887258172114798       0.8793039098381996
     656.3889259506337339       1.0786167457699776
     656.3891260840561017       1.0643646046519279
     656.3893262174783558       0.9686346389353275
     656.3895263509006099       0.9167198911309242
     656.3897264843228641       0.9704470988363028
     656.3899266177452319       1.0452858805656433
     656.3901267511674860       1.0390969067811966
     656.3903268845897401       1.0007313079549931
     656.3905270180119942       1.0678423866629601
     656.3907271514343620       1.1016751080751419
     656.3909272848566161       0.9330190122127533
     656.3911274182788702       1.0409732460975647
     656.3913275517011243       0.9956953632645309
     656.3915276851233784       0.9857323477044702
     656.3917278185457462       1.0722271576523781
     656.3919279519680003       1.0435106456279755
     656.3921280853902545       0.9872999796643853
     656.3923282188125086       0.9961051198188215
     656.3925283522348764       0.9993851707549766
     656.3927284856571305       0.9930383637547493
     656.3929286190793846       1.0405855290591717
     656.3931287525016387       0.9835181478410959
     656.3933288859240065       1.0305680725723505
     656.3935290193462606       0.9600147455930710
     656.3937291527685147       1.0254241377115250
     656.3939292861907688       0.9803048614412546
     656.3941294196131366       0.9506973959505558
     656.3943295530353907       1.0650249868631363
     656.3945296864576449       1.0387082137167454
     656.3947298198798990       1.0879877358675003
     656.3949299533022668       0.9166411310434341
     656.3951300867245209       1.0236940737813711
     656.3953302201467750       0.9919893909245729
     656.3955303535690291       1.0003571318229660
     656.3957304869913969       0.9755058865994215
     656.3959306204136510       1.0093590132892132
     656.3961307538359051       1.0104431426152587
     656.3963308872581592       0.9684162251651287
     656.3965310206804133       1.0427484512329102
     656.3967311541027811       1.0247448366135359
     656.3969312875250353       0.9762075934559107
     656.3971314209472894       0.9114562049508095
     656.3973315543695435       1.0389194004237652
     656.3975316877919113       0.9825755190104246
     656.3977318212141654       0.9384932518005371
     656.3979319546364195       1.0923053398728371
     656.3981320880586736       1.0188199747353792
     656.3983322214810414       1.0038014277815819
     656.3985323549032955       0.9545531719923019
     656.3987324883255496       1.1016219407320023
     656.3989326217478038       0.9575240947306156
     656.3991327551701715       1.0292435232549906
     656.3993328885924257       0.9991545030497946
     656.3995330220146798       0.9473768994212151
     656.3997331554369339       1.0422285757958889
     656.3999332888593017       0.9372461214661598
     656.4001334222815558       1.0366641953587532
     656.4003335557038099       0.9797123502939939
     656.4005336891260640       1.0666138082742691
     656.4007338225484318       0.9619465172290802
     656.4009339559706859       1.1369547098875046
     656.4011340893929400       1.0167119540274143
     656.4013342228151942       0.9660973064601421
     656.4015343562375620       1.1641607135534286
     656.4017344896598161       1.0715304017066956
     656.4019346230820702       0.9390446133911610
     656.4021347565043243       0.9978937006089836
     656.4023348899265784       0.9457221254706383
     656.4025350233489462       1.0337771885097027
     656.4027351567712003       0.9709050226956606
     656.4029352901934544       1.0267588049173355
     656.4031354236157085       1.0236346479505301
     656.4033355570380763       0.8688822388648987
     656.4035356904603304       1.0702182874083519
     656.4037358238825846       1.0150766540318727
     656.4039359573048387       1.0563572421669960
     656.4041360907272065       0.9928990341722965
     656.4043362241494606       1.0132831530645490
     656.4045363575717147       1.0106986267492175
     656.4047364909939688       1.0531660579144955
     656.4049366244163366       1.0170670151710510
     656.4051367578385907       1.0580620169639587
     656.4053368912608448       0.9790480602532625
     656.4055370246830989       1.0710654407739639
     656.4057371581054667       0.9603501223027706
     656.4059372915277208       0.8765209093689919
     656.4061374249499750       1.0098278494551778
     656.4063375583722291       0.9563495405018330
     656.4065376917945969       0.9565261341631413
     656.4067378252168510       0.9265852645039558
     656.4069379586391051       1.0391524769365788
     656.4071380920613592       1.0076272301375866
     656.4073382254836133       1.0277843903750181
     656.4075383589059811       0.9945504306815565
     656.4077384923282352       0.9960343977436423
     656.4079386257504893       0.9126973375678062
     656.4081387591727434       1.0298733711242676
     656.4083388925951112       1.0362773202359676
     656.4085390260173654       0.9252773001790047
     656.4087391594396195       0.9733677655458450
     656.4089392928618736       0.9994505115319043
     656.4091394262842414       1.0368539653718472
     656.4093395597064955       1.0077711478807032
     656.4095396931287496       1.0568245016038418
     656.4097398265510037       1.0188564583659172
     656.4099399599733715       1.0212637465447187
     656.4101400933956256       0.9683384858071804
     656.4103402268178797       1.1167954131960869
     656.4105403602401339       1.0870644152164459
     656.4107404936625016       0.8443115204572678
     656.4109406270847558       1.0959717258810997
     656.4111407605070099       0.9788923636078835
     656.4113408939292640       1.0519951544702053
     656.4115410273516318       0.9983043643878773
     656.4117411607738859       0.9243766963481903
     656.4119412941961400       1.0036926229950041
     656.4121414276183941       0.9788148645311594
     656.4123415610407619       0.9445195496082306
     656.4125416944630160       0.9793331529945135
     656.4127418278852701       0.9206826984882355
     656.4129419613075243       0.9817064292728901
     656.4131420947297784       1.0250496752560139
     656.4133422281521462       0.9867374496534467
     656.4135423615744003       1.0597661137580872
     656.4137424949966544       0.9795268271118402
     656.4139426284189085       1.0376384891569614
     656.4141427618412763       0.9891905197873712
     656.4143428952635304       1.0788288637995720
     656.4145430286857845       0.9608003124594688
     656.4147431621080386       0.9491888694465160
     656.4149432955304064       0.9001397192478180
     656.4151434289526605       1.0068936096504331
     656.4153435623749147       1.0520900078117847
     656.4155436957971688       1.0272418297827244
     656.4157438292195366       1.0736642107367516
     656.4159439626417907       1.0018642785726115
     656.4161440960640448       0.9886635486036539
     656.4163442294862989       1.0343718044459820
     656.4165443629086667       0.9671682789921761
     656.4167444963309208       0.9789741188287735
     656.4169446297531749       0.9192182347178459
     656.4171447631754290       0.9400761127471924
     656.4173448965977968       1.0456542782485485
     656.4175450300200509       1.0660730749368668
     656.4177451634423051       1.0089678680524230
     656.4179452968645592       1.0037686319556087
     656.4181454302869270       0.9892664067447186
     656.4183455637091811       1.0141938822343946
     656.4185456971314352       0.9365296438336372
     656.4187458305536893       1.0356847308576107
     656.4189459639759434       1.0726936385035515
     656.4191460973983112       0.9356551244854927
     656.4193462308205653       0.9936773367226124
     656.4195463642428194       0.9719140231609344
     656.4197464976650735       0.9439625367522240
     656.4199466310874413       0.9669391699135303
     656.4201467645096955       0.8926986232399940
     656.4203468979319496       0.9207109138369560
     656.4205470313542037       1.0200530793517828
     656.4207471647765715       1.0793786421418190
     656.4209472981988256       1.0270108822733164
     656.4211474316210797       1.0414180718362331
     656.4213475650433338       0.9392582289874554
     656.4215476984657016       0.9826131109148264
     656.4217478318879557       0.9895760668441653
     656.4219479653102098       0.9935702462680638
     656.4221480987324640       0.9438219591975212
     656.4223482321548317       0.9583400264382362
     656.4225483655770859       1.0334617383778095
     656.4227484989993400       0.9621701873838902
     656.4229486324215941       0.9921071203425527
     656.4231487658439619       1.0320296883583069
     656.4233488992662160       0.9494519345462322
     656.4235490326884701       1.0698569118976593
     656.4237491661107242       1.0482407435774803
     656.4239492995329783       0.9632234461605549
     656.4241494329553461       1.0415220074355602
     656.4243495663776002       1.1038885489106178
     656.4245496997998544       1.0364673025906086
     656.4247498332221085       1.0352681949734688
     656.4249499666444763       0.9751741066575050
     656.4251501000667304       0.9505918212234974
     656.4253502334889845       0.9759064856916666
     656.4255503669112386       0.9995445459207986
     656.4257505003336064       0.9204778298735619
     656.4259506337558605       1.0210941303521395
     656.4261507671781146       1.0501091443002224
     656.4263509006003687       0.9329881370067596
     656.4265510340227365       0.9735418502241373
     656.4267511674449906       0.9302910044789314
     656.4269513008672448       0.9215078130364418
     656.4271514342894989       0.9878503652289510
     656.4273515677118667       0.9902055310085416
     656.4275517011341208       0.9859142377972603
     656.4277518345563749       0.9619736075401306
     656.4279519679786290       0.9623684026300907
     656.4281521014009968       1.0361766777932644
     656.4283522348232509       1.0032097974326462
     656.4285523682455050       1.0262966752052307
     656.4287525016677591       0.9258512631058693
     656.4289526350901269       0.8863997310400009
     656.4291527685123810       1.0725841894745827
     656.4293529019346352       0.9768045023083687
     656.4295530353568893       0.9824823718518019
     656.4297531687791434       0.9975628098472953
     656.4299533022015112       1.0174013376235962
     656.4301534356237653       1.0366650819778442
     656.4303535690460194       1.0745060145854950
     656.4305537024682735       1.0379089713096619
     656.4307538358906413       0.9386212266981602
     656.4309539693128954       0.9835166260600090
     656.4311541027351495       0.9993037593667395
     656.4313542361574036       1.0830130204558372
     656.4315543695797714       1.0425988994538784
     656.4317545030020256       0.9835919849574566
     656.4319546364242797       0.9510814957320690
     656.4321547698465338       1.0489643774926662
     656.4323549032689016       0.9272617399692535
     656.4325550366911557       0.9913231190294027
     656.4327551701134098       0.9454283602535725
     656.4329553035356639       0.9397623427212238
     656.4331554369580317       1.0453236885368824
     656.4333555703802858       1.0257218424230814
     656.4335557038025399       1.0546171329915524
     656.4337558372247940       1.0346197411417961
     656.4339559706471618       1.1407607644796371
     656.4341561040694160       1.0167787373065948
     656.4343562374916701       0.9668085649609566
     656.4345563709139242       0.9924898124299943
     656.4347565043361783       0.9590899050235748
     656.4349566377585461       0.9365319386124611
     656.4351567711808002       1.1659011989831924
     656.4353569046030543       0.9587299153208733
     656.4355570380253084       0.9777348674833775
     656.4357571714476762       1.0064468770287931
     656.4359573048699303       0.9494803361594677
     656.4361574382921845       0.9885507328435779
     656.4363575717144386       0.9913954976946115
     656.4365577051368064       0.9151065349578857
     656.4367578385590605       1.0488253720104694
     656.4369579719813146       1.0627030953764915
     656.4371581054035687       1.0042456332594156
     656.4373582388259365       1.0455895960330963
     656.4375583722481906       0.9809135142713785
     656.4377585056704447       0.9897368727251887
     656.4379586390926988       0.9823438916355371
     656.4381587725150666       1.0620414875447750
     656.4383589059373207       0.9846399258822203
     656.4385590393595749       0.9710369259119034
     656.4387591727818290       1.0544898696243763
     656.4389593062041968       1.0230718906968832
     656.4391594396264509       1.0384708158671856
     656.4393595730487050       1.0446287505328655
     656.4395597064709591       1.0288758073002100
     656.4397598398933269       1.1242862939834595
     656.4399599733155810       1.1091078668832779
     656.4401601067378351       0.9640158601105213
     656.4403602401600892       0.9959196895360947
     656.4405603735823433       1.0025020546745509
     656.4407605070047111       1.0402579493820667
     656.4409606404269653       0.9619006924331188
     656.4411607738492194       1.0398785620927811
     656.4413609072714735       0.9703108817338943
     656.4415610406938413       0.9547799490392208
     656.4417611741160954       1.0935697481036186
     656.4419613075383495       0.9962150698993355
     656.4421614409606036       1.0074252905324101
     656.4423615743829714       1.1169045791029930
     656.4425617078052255       0.9743509162217379
     656.4427618412274796       0.9862021710723639
     656.4429619746497337       1.0120689300820231
     656.4431621080721015       0.9869433091953397
     656.4433622414943557       1.0957212522625923
     656.4435623749166098       0.9714941736310720
     656.4437625083388639       1.0507850460708141
     656.4439626417612317       0.9301989525556564
     656.4441627751834858       0.9770606402307749
     656.4443629086057399       0.8976148366928101
     656.4445630420279940       0.8843420743942261
     656.4447631754503618       1.0042819040827453
     656.4449633088726159       1.0259015150368214
     656.4451634422948700       0.9412881843745708
     656.4453635757171241       1.0057652192190289
     656.4455637091393783       0.9830400273203850
     656.4457638425617461       0.9530524499714375
     656.4459639759840002       1.0564992092549801
     656.4461641094062543       0.9754303637892008
     656.4463642428285084       1.0390468537807465
     656.4465643762508762       0.9797738492488861
     656.4467645096731303       1.0331219881772995
     656.4469646430953844       0.9731503818184137
     656.4471647765176385       0.9928188053891063
     656.4473649099400063       0.9306758493185043
     656.4475650433622604       0.9459910728037357
     656.4477651767845146       0.9811829198151827
     656.4479653102067687       1.0746044740080833
     656.4481654436291365       0.9491908140480518
     656.4483655770513906       0.9640995003283024
     656.4485657104736447       0.9829754512757063
     656.4487658438958988       1.0093959672376513
     656.4489659773182666       0.9986697273561731
     656.4491661107405207       0.9742150567471981
     656.4493662441627748       0.9506107382476330
     656.4495663775850289       1.0043974798172712
     656.4497665110073967       1.0240849982947111
     656.4499666444296508       0.9726481046527624
     656.4501667778519050       1.0117549803107977
     656.4503669112741591       1.1170770525932312
     656.4505670446965269       1.0101362001150846
     656.4507671781187810       1.0439798086881638
     656.4509673115410351       0.9763507992029190
     656.4511674449632892       0.9977404512465000
     656.4513675783855433       1.0209790952503681
     656.4515677118079111       0.9673830345273018
     656.4517678452301652       1.0297588389366865
     656.4519679786524193       1.0551815703511238
     656.4521681120746734       0.9308077618479729
     656.4523682454970412       0.9730296302586794
     656.4525683789192954       0.9789471514523029
     656.4527685123415495       0.9864094387739897
     656.4529686457638036       0.9131420105695724
     656.4531687791861714       1.0239051003009081
     656.4533689126084255       0.9754994772374630
     656.4535690460306796       1.0785660445690155
     656.4537691794529337       0.9536546468734741
     656.4539693128753015       1.0218710191547871
     656.4541694462975556       1.0441482625901699
     656.4543695797198097       0.9793920461088419
     656.4545697131420638       1.0020789902191609
     656.4547698465644316       1.0333873406052589
     656.4549699799866858       1.0363723151385784
     656.4551701134089399       0.9860866488888860
     656.4553702468311940       0.9574234969913960
     656.4555703802535618       1.0378726832568645
     656.4557705136758159       1.0202234964817762
     656.4559706470980700       0.9602423086762428
     656.4561707805203241       1.0243131499737501
     656.4563709139425782       1.0239491872489452
     656.4565710473649460       1.0343760214745998
     656.4567711807872001       1.0952835977077484
     656.4569713142094542       1.0002967461477965
     656.4571714476317084       0.9580512829124928
     656.4573715810540762       1.0453375838696957
     656.4575717144763303       1.0115096662193537
     656.4577718478985844       1.0175337418913841
     656.4579719813208385       0.9789155609905720
     656.4581721147432063       1.0298534370958805
     656.4583722481654604       1.0004504442622419
     656.4585723815877145       0.9951488319784403
     656.4587725150099686       1.0336872488260269
     656.4589726484323364       0.9971796418540180
     656.4591727818545905       0.9543463476002216
     656.4593729152768447       0.9922388484701514
     656.4595730486990988       1.0283642541617155
     656.4597731821214666       1.0584294386208057
     656.4599733155437207       0.9956631204113364
     656.4601734489659748       1.0267061330378056
     656.4603735823882289       1.1068140193820000
     656.4605737158105967       0.9633388891816139
     656.4607738492328508       0.8969602808356285
     656.4609739826551049       1.1310001462697983
     656.4611741160773590       0.9682408310472965
     656.4613742494997268       0.9475637860596180
     656.4615743829219809       1.0321420989930630
     656.4617745163442351       1.0059673474170268
     656.4619746497664892       0.9735161904245615
     656.4621747831887433       0.9987003015121445
     656.4623749166111111       0.9005618989467621
     656.4625750500333652       0.9144050851464272
     656.4627751834556193       1.0715653076767921
     656.4629753168778734       1.0395064763724804
     656.4631754503002412       0.9646789468824863
     656.4633755837224953       1.0625718832015991
     656.4635757171447494       0.9474719576537609
     656.4637758505670035       0.9980802542995661
     656.4639759839893713       1.0283468794077635
     656.4641761174116255       0.9870306029915810
     656.4643762508338796       1.0758288130164146
     656.4645763842561337       1.0323204249143600
     656.4647765176785015       1.0593706257641315
     656.4649766511007556       1.0549119524657726
     656.4651767845230097       0.9695955570787191
     656.4653769179452638       0.9791715163737535
     656.4655770513676316       0.9728810582309961
     656.4657771847898857       1.0081039210781455
     656.4659773182121398       1.0671916529536247
     656.4661774516343939       0.9604275673627853
     656.4663775850567617       0.9260929375886917
     656.4665777184790159       0.9802137296646833
     656.4667778519012700       1.0020139047410339
     656.4669779853235241       0.9155860915780067
     656.4671781187458919       1.0233551915735006
     656.4673782521681460       1.1078122183680534
     656.4675783855904001       1.0016800208250061
     656.4677785190126542       1.0160661935806274
     656.4679786524349083       0.9940012469887733
     656.4681787858572761       1.0140129392966628
     656.4683789192795302       1.0045729423873127
     656.4685790527017843       1.0225796457380056
     656.4687791861240385       1.0623515509068966
     656.4689793195464063       1.0043703867122531
     656.4691794529686604       0.9651992954313755
     656.4693795863909145       1.0114371785894036
     656.4695797198131686       1.0394150167703629
     656.4697798532355364       0.9833484664559364
     656.4699799866577905       0.9527347385883331
     656.4701801200800446       1.0499070100486279
     656.4703802535022987       1.0874141082167625
     656.4705803869246665       0.9258622601628304
     656.4707805203469206       1.1150949746370316
     656.4709806537691748       1.0383420065045357
     656.4711807871914289       0.9850260596722364
     656.4713809206137967       1.0224242266267538
     656.4715810540360508       1.0216002985835075
     656.4717811874583049       0.9933411106467247
     656.4719813208805590       1.0045220213942230
     656.4721814543029268       1.0190291330218315
     656.4723815877251809       1.0943671390414238
     656.4725817211474350       0.9627316221594810
     656.4727818545696891       1.0273365583270788
     656.4729819879919432       1.0000620855789748
     656.4731821214143110       0.9580635465681553
     656.4733822548365652       0.9329298958182335
     656.4735823882588193       1.0012808542232960
     656.4737825216810734       1.0469595901668072
     656.4739826551034412       1.0036528483033180
     656.4741827885256953       1.0184854026883841
     656.4743829219479494       1.0898008719086647
     656.4745830553702035       1.0429306998848915
     656.4747831887925713       1.0891350954771042
     656.4749833222148254       0.9959853892214596
     656.4751834556370795       1.0539070665836334
     656.4753835890593336       0.9239056631922722
     656.4755837224817014       1.0809922441840172
     656.4757838559039556       0.9923542654141784
     656.4759839893262097       0.9905835008248687
     656.4761841227484638       0.9570753015577793
     656.4763842561708316       0.9653154164552689
     656.4765843895930857       1.0514916591346264
     656.4767845230153398       1.0596894696354866
     656.4769846564375939       1.1127094253897667
     656.4771847898599617       1.0340733043849468
     656.4773849232822158       1.0466371737420559
     656.4775850567044699       0.8998407945036888
     656.4777851901267240       1.0085572954267263
     656.4779853235490918       1.0889144465327263
     656.4781854569713460       1.0429948158562183
     656.4783855903936001       0.9862247789278626
     656.4785857238158542       0.9451854862272739
     656.4787858572381083       1.0861227735877037
     656.4789859906604761       1.0230373926460743
     656.4791861240827302       1.0891504809260368
     656.4793862575049843       1.0342009477317333
     656.4795863909272384       0.9743749704211950
     656.4797865243496062       0.9828442092984915
     656.4799866577718603       1.0310441982001066
     656.4801867911941144       0.9867812395095825
     656.4803869246163686       1.0041214236989617
     656.4805870580387364       0.9574653692543507
     656.4807871914609905       1.0328827463090420
     656.4809873248832446       1.1049547567963600
     656.4811874583054987       0.9655972644686699
     656.4813875917278665       0.9985231790924445
     656.4815877251501206       1.0541341267526150
     656.4817878585723747       0.8304382115602493
     656.4819879919946288       1.0293856207281351
     656.4821881254169966       0.9677327089011669
     656.4823882588392507       1.0472331382334232
     656.4825883922615049       0.9174757674336433
     656.4827885256837590       1.0822530016303062
     656.4829886591061268       0.9402621500194073
     656.4831887925283809       1.0119607662782073
     656.4833889259506350       1.0346920900046825
     656.4835890593728891       0.9964737857226282
     656.4837891927951432       0.9943603612482548
     656.4839893262175110       0.9249072000384331
     656.4841894596397651       1.0153567884117365
     656.4843895930620192       0.9448231272399426
     656.4845897264842733       1.0847792699933052
     656.4847898599066411       0.9772853199392557
     656.4849899933288953       0.9304573833942413
     656.4851901267511494       0.9860127726569772
     656.4853902601734035       1.0604243241250515
     656.4855903935957713       1.0828430876135826
     656.4857905270180254       1.0108845187351108
     656.4859906604402795       0.9163161590695381
     656.4861907938625336       0.9154804125428200
     656.4863909272849014       0.9622997082769871
     656.4865910607071555       0.9236470088362694
     656.4867911941294096       0.9989612112985924
     656.4869913275516637       1.0389289408922195
     656.4871914609740315       0.9277832284569740
     656.4873915943962857       1.0164623409509659
     656.4875917278185398       1.0902508497238159
     656.4877918612407939       1.0462376922369003
     656.4879919946631617       1.0469282977283001
     656.4881921280854158       1.0414523892104626
     656.4883922615076699       0.9427808411419392
     656.4885923949299240       1.0396456383168697
     656.4887925283522918       0.9027469232678413
     656.4889926617745459       0.9278040826320648
     656.4891927951968000       0.9960549175739288
     656.4893929286190541       0.9840061031281948
     656.4895930620413083       1.1079175621271133
     656.4897931954636761       0.9337890893220901
     656.4899933288859302       1.0074854879640043
     656.4901934623081843       0.9870824348181486
     656.4903935957304384       0.9891594685614109
     656.4905937291528062       1.0835534781217575
     656.4907938625750603       1.0291433576494455
     656.4909939959973144       1.0014236181741580
     656.4911941294195685       0.9694751501083374
     656.4913942628419363       1.0328668244183064
     656.4915943962641904       0.9665133692324162
     656.4917945296864445       0.9801936615258455
     656.4919946631086987       0.9937825244851410
     656.4921947965310665       1.0342918597161770
     656.4923949299533206       0.9936074167490005
     656.4925950633755747       0.9876142535358667
     656.4927951967978288       0.8774836882948875
     656.4929953302201966       1.0024140994064510
     656.4931954636424507       1.0949772596359253
     656.4933955970647048       1.0068119014613330
     656.4935957304869589       0.9818684477359056
     656.4937958639093267       1.0390786491334438
     656.4939959973315808       1.0089456401765347
     656.4941961307538350       1.0194680970162153
     656.4943962641760891       0.9834602922201157
     656.4945963975983432       1.0149021567776799
     656.4947965310207110       1.0327060185372829
     656.4949966644429651       1.0725957825779915
     656.4951967978652192       0.9511767216026783
     656.4953969312874733       1.0547201409935951
     656.4955970647098411       1.0313212014734745
     656.4957971981320952       1.0188646316528320
     656.4959973315543493       1.0361066423356533
     656.4961974649766034       0.9831620454788208
     656.4963975983989712       1.0816091299057007
     656.4965977318212254       1.0412451401352882
     656.4967978652434795       0.8987943157553673
     656.4969979986657336       1.0281145218759775
     656.4971981320881014       1.0704840198159218
     656.4973982655103555       0.9465431869029999
     656.4975983989326096       0.9398972727358341
     656.4977985323548637       1.0679483115673065
     656.4979986657772315       0.9889202425256371
     656.4981987991994856       1.0156324785202742
     656.4983989326217397       0.9663555435836315
     656.4985990660439938       0.9909524144604802
     656.4987991994663616       0.9283108115196228
     656.4989993328886158       1.0000256380862993
     656.4991994663108699       1.0176323577761650
     656.4993995997331240       0.9932975382544100
     656.4995997331554918       0.9702316392213106
     656.4997998665777459       1.0061901118606329
     656.5000000000000000       0.9737460967153311
