     656.2000000000000455       0.9246163070201874
     656.2002001334222996       0.8949745669960976
     656.2004002668445537       1.0561873279511929
     656.2006004002669215       1.0111337034031749
     656.2008005336891756       1.0184288304299116
     656.2010006671114297       0.9611257798969746
     656.2012008005336838       1.0529142022132874
     656.2014009339560516       0.8955174535512924
     656.2016010673783057       0.9980812128633261
     656.2018012008005599       0.9625852741301060
     656.2020013342228140       1.0958601832389832
     656.2022014676451818       1.0909136906266212
     656.2024016010674359       0.9977955732028931
     656.2026017344896900       0.9598785974085331
     656.2028018679119441       0.9365631118416786
     656.2030020013343119       1.0074261347763240
     656.2032021347565660       1.0017667157808319
     656.2034022681788201       0.9284134507179260
     656.2036024016010742       1.0849242731928825
     656.2038025350234420       0.9770759940147400
     656.2040026684456961       1.0788684710860252
     656.2042028018679503       1.0422034375369549
     656.2044029352902044       1.0103901587426662
     656.2046030687125722       0.9879411915317178
     656.2048032021348263       1.0724997445940971
     656.2050033355570804       1.0666867420077324
     656.2052034689793345       0.9727042820304632
     656.2054036024017023       0.9230708256363869
     656.2056037358239564       1.0761076062917709
     656.2058038692462105       0.9619178064167500
     656.2060040026684646       0.9949576407670975
     656.2062041360907187       0.9942476777359843
     656.2064042695130865       1.0895175263285637
     656.2066044029353407       0.9382139258086681
     656.2068045363575948       1.0293300580233335
     656.2070046697798489       1.0564691387116909
     656.2072048032022167       1.0033087346237153
     656.2074049366244708       1.0572521872818470
     656.2076050700467249       0.9934640577994287
     656.2078052034689790       0.9822907391935587
     656.2080053368913468       1.0154661778360605
     656.2082054703136009       0.9922239696606994
     656.2084056037358550       0.9601838551461697
     656.2086057371581092       1.0292671713978052
     656.2088058705804769       1.1113291308283806
     656.2090060040027311       1.0576540492475033
     656.2092061374249852       0.9472137130796909
     656.2094062708472393       1.0850239321589470
     656.2096064042696071       1.0691466033458710
     656.2098065376918612       1.0187511574476957
     656.2100066711141153       0.9476368464529514
     656.2102068045363694       0.9202232435345650
     656.2104069379587372       0.9706606660038233
     656.2106070713809913       0.9117915406823158
     656.2108072048032454       1.0559878945350647
     656.2110073382254996       1.0063512823544443
     656.2112074716477537       0.9315005913376808
     656.2114076050701215       1.0566868074238300
     656.2116077384923756       1.0211363527923822
     656.2118078719146297       0.9800820499658585
     656.2120080053368838       1.0348032712936401
     656.2122081387592516       0.9697309136390686
     656.2124082721815057       0.9792878199368715
     656.2126084056037598       1.0679710134863853
     656.2128085390260139       1.1272719949483871
     656.2130086724483817       1.0431457422673702
     656.2132088058706358       1.0100171174854040
     656.2134089392928900       0.9991277458029799
     656.2136090727151441       0.9261908903717995
     656.2138092061375119       0.9708689358085394
     656.2140093395597660       0.9523342736065388
     656.2142094729820201       0.9816345423460007
     656.2144096064042742       0.9629162587225437
     656.2146097398266420       0.9519518204033375
     656.2148098732488961       1.0000308281123580
     656.2150100066711502       1.0000337014898832
     656.2152101400934043       0.9882598118856549
     656.2154102735157721       0.9633309990167618
     656.2156104069380262       1.0592281222343445
     656.2158105403602804       0.9081817939877510
     656.2160106737825345       1.0849401503801346
     656.2162108072049023       0.9994073342531919
     656.2164109406271564       0.9133657515048981
     656.2166110740494105       0.9325434491038322
     656.2168112074716646       1.0241616182029247
     656.2170113408939187       0.9315353780984879
     656.2172114743162865       0.9877788871526718
     656.2174116077385406       1.0377559028565884
     656.2176117411607947       1.0297161992639303
     656.2178118745830488       1.0140215251594782
     656.2180120080054166       1.0191634595394135
     656.2182121414276708       0.9982889896491542
     656.2184122748499249       0.9610573053359985
     656.2186124082721790       1.0280422400683165
     656.2188125416945468       0.9545243121683598
     656.2190126751168009       0.9545397199690342
     656.2192128085390550       0.9915802963078022
     656.2194129419613091       0.9644072316586971
     656.2196130753836769       1.0229659117758274
     656.2198132088059310       1.0954392403364182
     656.2200133422281851       1.0716765150427818
     656.2202134756504392       1.0491894111037254
     656.2204136090728070       0.9478565491735935
     656.2206137424950612       1.0154812904074788
     656.2208138759173153       0.9922391069121659
     656.2210140093395694       0.9800249803811312
     656.2212141427619372       1.0365292131900787
     656.2214142761841913       1.0390068627893925
     656.2216144096064454       1.0117097459733486
     656.2218145430286995       0.9609589204192162
     656.2220146764509536       1.0767703503370285
     656.2222148098733214       0.9452343322336674
     656.2224149432955755       0.9221527054905891
     656.2226150767178297       1.0492637418210506
     656.2228152101400838       1.0355403907597065
     656.2230153435624516       1.0162792131304741
     656.2232154769847057       0.9457730688154697
     656.2234156104069598       0.9684246592223644
     656.2236157438292139       1.0672908276319504
     656.2238158772515817       1.0655826255679131
     656.2240160106738358       1.0113451387733221
     656.2242161440960899       1.0046107880771160
     656.2244162775183440       1.0639856755733490
     656.2246164109407118       1.0128498179838061
     656.2248165443629659       0.9406279623508453
     656.2250166777852201       0.9403204657137394
     656.2252168112074742       0.9421527422964573
     656.2254169446298420       0.9595126956701279
     656.2256170780520961       1.0144566763192415
     656.2258172114743502       1.0202251914888620
     656.2260173448966043       1.0282300151884556
     656.2262174783189721       0.9685789532959461
     656.2264176117412262       1.0109249316155910
     656.2266177451634803       1.0679286494851112
     656.2268178785857344       1.0346919298171997
     656.2270180120081022       1.0341575555503368
     656.2272181454303563       1.0323668383061886
     656.2274182788526105       1.0672629624605179
     656.2276184122748646       0.9567281715571880
     656.2278185456971187       1.0399007499217987
     656.2280186791194865       0.9424400813877583
     656.2282188125417406       1.0530755408108234
     656.2284189459639947       1.0805683806538582
     656.2286190793862488       1.0771796926856041
     656.2288192128086166       1.0272403843700886
     656.2290193462308707       1.0275625288486481
     656.2292194796531248       1.0385567508637905
     656.2294196130753789       0.9840838368982077
     656.2296197464977467       1.0458344779908657
     656.2298198799200009       0.9963347904849797
     656.2300200133422550       0.9844161523506045
     656.2302201467645091       1.0095722200348973
     656.2304202801868769       0.8936947807669640
     656.2306204136091310       1.0207958575338125
     656.2308205470313851       0.9901819834485650
     656.2310206804536392       1.1002722755074501
     656.2312208138760070       1.0101724490523338
     656.2314209472982611       0.9484266564249992
     656.2316210807205152       0.9684903360903263
     656.2318212141427693       0.9645558036863804
     656.2320213475651371       1.0178813394159079
     656.2322214809873913       0.9636651575565338
     656.2324216144096454       0.9533576890826225
     656.2326217478318995       0.9658011868596077
     656.2328218812541536       1.0364866703748703
     656.2330220146765214       0.9699802119284868
     656.2332221480987755       1.0136487502604723
     656.2334222815210296       1.0259498357772827
     656.2336224149432837       0.9902223385870457
     656.2338225483656515       1.0150596294552088
     656.2340226817879056       0.9998153366032057
     656.2342228152101598       1.0459010563790798
     656.2344229486324139       0.9534850083291531
     656.2346230820547817       1.0134268403053284
     656.2348232154770358       0.9438996203243732
     656.2350233488992899       0.9893930489197373
     656.2352234823215440       1.0351955369114876
     656.2354236157439118       1.1236192137002945
     656.2356237491661659       0.9674055241048336
     656.2358238825884200       1.0574573762714863
     656.2360240160106741       0.9235562235116959
     656.2362241494330419       0.9251871258020401
     656.2364242828552960       1.0503710806369781
     656.2366244162775502       0.9947673762217164
     656.2368245496998043       1.0203589033335447
     656.2370246831221721       0.9644829370081425
     656.2372248165444262       1.0770255029201508
     656.2374249499666803       1.0814220756292343
     656.2376250833889344       1.0189048610627651
     656.2378252168113022       1.0422191619873047
     656.2380253502335563       0.9435335025191307
     656.2382254836558104       1.0783572345972061
     656.2384256170780645       1.0305609162896872
     656.2386257505003186       0.9835704434663057
     656.2388258839226864       0.9832514449954033
     656.2390260173449406       0.9057363495230675
     656.2392261507671947       0.9870237009599805
     656.2394262841894488       1.0262229386717081
     656.2396264176118166       0.9746774677187204
     656.2398265510340707       0.9258893951773643
     656.2400266844563248       0.9789169225841761
     656.2402268178785789       1.0666291564702988
     656.2404269513009467       1.1103440299630165
     656.2406270847232008       1.0764440149068832
     656.2408272181454549       0.9939729846082628
     656.2410273515677090       1.0715569406747818
     656.2412274849900768       0.9718412309885025
     656.2414276184123310       1.0215011686086655
     656.2416277518345851       1.0591898448765278
     656.2418278852568392       0.9979092006105930
     656.2420280186792070       1.0032272764947265
     656.2422281521014611       0.9513261057436466
     656.2424282855237152       1.0483197160065174
     656.2426284189459693       1.1191645786166191
     656.2428285523683371       1.0500839240849018
     656.2430286857905912       0.9862180650234222
     656.2432288192128453       0.9571095146238804
     656.2434289526350994       0.9725903067737818
     656.2436290860574672       1.0048471963964403
     656.2438292194797214       1.0035448817070574
     656.2440293529019755       1.0526423528790474
     656.2442294863242296       0.9635903947055340
     656.2444296197464837       0.9389801956713200
     656.2446297531688515       1.0069851959124207
     656.2448298865911056       1.0069810473360121
     656.2450300200133597       1.0666694417595863
     656.2452301534356138       1.0703311190009117
     656.2454302868579816       1.0353560708463192
     656.2456304202802357       0.9960211557336152
     656.2458305537024899       1.0237465333193541
     656.2460306871247440       0.9899830967187881
     656.2462308205471118       1.0544732175767422
     656.2464309539693659       0.9874153537675738
     656.2466310873916200       1.0088340165093541
     656.2468312208138741       1.0424554720520973
     656.2470313542362419       1.0046695410273969
     656.2472314876584960       0.9556998200714588
     656.2474316210807501       1.0108984271064401
     656.2476317545030042       1.1112157478928566
     656.2478318879253720       1.0131732095032930
     656.2480320213476261       0.9887965908274055
     656.2482321547698803       1.0640250071883202
     656.2484322881921344       0.9767415672540665
     656.2486324216145022       1.0555935502052307
     656.2488325550367563       0.9490682817995548
     656.2490326884590104       0.9598482996225357
     656.2492328218812645       1.0513257943093777
     656.2494329553035186       0.9638376310467720
     656.2496330887258864       0.9556946791708469
     656.2498332221481405       1.0343339219689369
     656.2500333555703946       1.0523428991436958
     656.2502334889926487       0.9526780880987644
     656.2504336224150165       0.9459689967334270
     656.2506337558372707       0.9706668965518475
     656.2508338892595248       1.0084306281059980
     656.2510340226817789       1.0473493486642838
     656.2512341561041467       0.9456807598471642
     656.2514342895264008       0.9662360548973083
     656.2516344229486549       0.9008362069725990
     656.2518345563709090       0.9766514953225851
     656.2520346897932768       1.0922263488173485
     656.2522348232155309       0.9581829160451889
     656.2524349566377850       1.0729822590947151
     656.2526350900600391       0.9843782214447856
     656.2528352234824069       0.9671536572277546
     656.2530353569046611       0.9617766551673412
     656.2532354903269152       1.0988600179553032
     656.2534356237491693       0.9700023736804724
     656.2536357571715371       1.0790043398737907
     656.2538358905937912       0.8706472516059875
     656.2540360240160453       0.9982367695774883
     656.2542361574382994       1.0327598229050636
     656.2544362908606672       0.9669632986187935
     656.2546364242829213       1.1020703315734863
     656.2548365577051754       0.8721320182085037
     656.2550366911274295       1.0223966501653194
     656.2552368245496837       1.1050224900245667
     656.2554369579720515       1.0308585800230503
     656.2556370913943056       1.0242384579032660
     656.2558372248165597       1.0461790226399899
     656.2560373582388138       1.0564019866287708
     656.2562374916611816       0.9438450746238232
     656.2564376250834357       1.0586200617253780
     656.2566377585056898       0.9773522485047579
     656.2568378919279439       1.0439747907221317
     656.2570380253503117       1.0515506826341152
     656.2572381587725658       1.0485810562968254
     656.2574382921948200       0.9340748786926270
     656.2576384256170741       1.0437682420015335
     656.2578385590394419       0.9986427571857348
     656.2580386924616960       0.9782557524740696
     656.2582388258839501       1.0573780722916126
     656.2584389593062042       0.9866789802908897
     656.2586390927285720       1.0646332576870918
     656.2588392261508261       0.9535075761377811
     656.2590393595730802       0.9062722995877266
     656.2592394929953343       1.0132816387340426
     656.2594396264177021       0.9448328502476215
     656.2596397598399562       0.9528298936784267
     656.2598398932622104       0.9297994524240494
     656.2600400266844645       1.0289066582918167
     656.2602401601067186       0.9977634833194315
     656.2604402935290864       1.0530142486095428
     656.2606404269513405       1.0598771758377552
     656.2608405603735946       0.9305068701505661
     656.2610406937958487       0.9073151499032974
     656.2612408272182165       0.9941497151739895
     656.2614409606404706       1.0246842876076698
     656.2616410940627247       1.0179334525018930
     656.2618412274849788       1.0494520477950573
     656.2620413609073466       0.9336445480585098
     656.2622414943296008       1.0243386309593916
     656.2624416277518549       1.0555551350116730
     656.2626417611741090       1.0270656086504459
     656.2628418945964768       1.0259755644947290
     656.2630420280187309       0.9929709038697183
     656.2632421614409850       1.1073563247919083
     656.2634422948632391       0.9213438034057617
     656.2636424282856069       1.0154388714581728
     656.2638425617078610       0.9241738393902779
     656.2640426951301151       0.9939191029407084
     656.2642428285523692       0.9122783839702606
     656.2644429619747370       0.9599852152168751
     656.2646430953969912       1.0878954455256462
     656.2648432288192453       1.0282991863787174
     656.2650433622414994       0.9984759313520044
     656.2652434956638672       0.9282949268817902
     656.2654436290861213       1.0619706772267818
     656.2656437625083754       1.0289159957319498
     656.2658438959306295       0.9901326717808843
     656.2660440293528836       1.0079159280285239
     656.2662441627752514       0.9664250090718269
     656.2664442961975055       1.0595691800117493
     656.2666444296197596       0.9810905456542969
     656.2668445630420138       0.9432078339159489
     656.2670446964643816       0.9524511285126209
     656.2672448298866357       0.8932359218597412
     656.2674449633088898       1.0272539239376783
     656.2676450967311439       1.1092461273074150
     656.2678452301535117       0.9926076480187476
     656.2680453635757658       0.9563955180346966
     656.2682454969980199       0.9867962747812271
     656.2684456304202740       0.9899263242259622
     656.2686457638426418       0.9734528232365847
     656.2688458972648959       0.9687599409371614
     656.2690460306871501       1.0823541730642319
     656.2692461641094042       1.0001501739898231
     656.2694462975317720       0.9917957158759236
     656.2696464309540261       1.0276440288871527
     656.2698465643762802       1.0025197647046298
     656.2700466977985343       1.0358247794210911
     656.2702468312209021       1.0212420094758272
     656.2704469646431562       0.8946403637528419
     656.2706470980654103       1.0093951737508178
     656.2708472314876644       1.0216620638966560
     656.2710473649099185       0.9997854413231835
     656.2712474983322863       1.0499646924436092
     656.2714476317545405       0.9688454661518335
     656.2716477651767946       1.0779544711112976
     656.2718478985990487       1.0382838696241379
     656.2720480320214165       0.9952030731365085
     656.2722481654436706       1.0464375875890255
     656.2724482988659247       0.9707089178264141
     656.2726484322881788       1.0718215554952621
     656.2728485657105466       1.0088784703984857
     656.2730486991328007       1.0069012674503028
     656.2732488325550548       0.9977272993419319
     656.2734489659773089       0.9657186679542065
     656.2736490993996767       1.0568985827267170
     656.2738492328219309       0.9779908582568169
     656.2740493662441850       0.9931340962648392
     656.2742494996664391       0.9974987453315407
     656.2744496330888069       0.9638757221400738
     656.2746497665110610       1.0780668109655380
     656.2748498999333151       1.0538897179067135
     656.2750500333555692       0.9941757698543370
     656.2752501667779370       0.9710395205765963
     656.2754503002001911       1.0397044718265533
     656.2756504336224452       0.9649158790707588
     656.2758505670446993       1.0464058108627796
     656.2760507004670671       0.9907837416976690
     656.2762508338893213       1.0037348479963839
     656.2764509673115754       1.0327554568648338
     656.2766511007338295       1.0068395226262510
     656.2768512341560836       0.9675625897943974
     656.2770513675784514       0.9513854868710041
     656.2772515010007055       1.1045590788125992
     656.2774516344229596       1.0043387589976192
     656.2776517678452137       0.9577223882079124
     656.2778519012675815       1.0680867061018944
     656.2780520346898356       1.0449996255338192
     656.2782521681120897       1.0378092341125011
     656.2784523015343439       0.9603196606040001
     656.2786524349567117       0.9604488164186478
     656.2788525683789658       0.9740116614848375
     656.2790527018012199       1.0865050852298737
     656.2792528352234740       0.9501400329172611
     656.2794529686458418       0.9436446726322174
     656.2796531020680959       0.9448336549103260
     656.2798532354903500       1.0089057451114058
     656.2800533689126041       0.9627971760928631
     656.2802535023349719       1.0061377719976008
     656.2804536357572260       1.0577512346208096
     656.2806537691794802       1.0193908344954252
     656.2808539026017343       0.9721056912094355
     656.2810540360241021       1.0323316045105457
     656.2812541694463562       1.0791178867220879
     656.2814543028686103       0.9117405042052269
     656.2816544362908644       0.9747840519994497
     656.2818545697131185       1.0190556012094021
     656.2820547031354863       0.9891822813078761
     656.2822548365577404       1.0490467585623264
     656.2824549699799945       0.9922793544828892
     656.2826551034022486       0.9821265526115894
     656.2828552368246164       0.9401849992573261
     656.2830553702468706       1.0151484506204724
     656.2832555036691247       1.0592302754521370
     656.2834556370913788       0.8626990765333176
     656.2836557705137466       1.0086523108184338
     656.2838559039360007       1.0138034587725997
     656.2840560373582548       1.0101249534636736
     656.2842561707805089       1.0507197864353657
     656.2844563042028767       0.9886079896241426
     656.2846564376251308       0.9921236159279943
     656.2848565710473849       0.9322873428463936
     656.2850567044696390       0.9672841764986515
     656.2852568378920068       1.0382317043840885
     656.2854569713142610       0.9069127663969994
     656.2856571047365151       1.0391942858695984
     656.2858572381587692       1.0551310144364834
     656.2860573715811370       1.0115124760195613
     656.2862575050033911       0.9654881097376347
     656.2864576384256452       0.9884780775755644
     656.2866577718478993       1.0362720973789692
     656.2868579052702671       1.1590338051319122
     656.2870580386925212       1.0312034226953983
     656.2872581721147753       0.9722771160304546
     656.2874583055370294       1.0895700380206108
     656.2876584389592836       0.9799176678061485
     656.2878585723816514       0.9710195865482092
     656.2880587058039055       0.9953568927012384
     656.2882588392261596       0.9216201826930046
     656.2884589726484137       0.9892029194161296
     656.2886591060707815       1.0313454605638981
     656.2888592394930356       0.9343835264444351
     656.2890593729152897       0.9543819911777973
     656.2892595063375438       0.9871506020426750
     656.2894596397599116       1.0664751902222633
     656.2896597731821657       1.0751862451434135
     656.2898599066044198       0.9954219656065106
     656.2900600400266740       0.9392908699810505
     656.2902601734490418       0.9591922573745251
     656.2904603068712959       1.0451250523328781
     656.2906604402935500       0.9327761605381966
     656.2908605737158041       0.9298214688897133
     656.2910607071381719       0.9206960350275040
     656.2912608405604260       0.9326342195272446
     656.2914609739826801       1.0057609905488789
     656.2916611074049342       0.9569800831377506
     656.2918612408273020       0.9588823467493057
     656.2920613742495561       0.9937887466512620
     656.2922615076718103       1.0117919035255909
     656.2924616410940644       1.0230290256440639
     656.2926617745164322       0.9911974295973778
     656.2928619079386863       0.9419765174388885
     656.2930620413609404       1.0557976849377155
     656.2932621747831945       0.9834874123334885
     656.2934623082054486       1.0766685530543327
     656.2936624416278164       1.0436815842986107
     656.2938625750500705       1.0082130283117294
     656.2940627084723246       0.9722129851579666
     656.2942628418945787       1.0064265355467796
     656.2944629753169465       1.0308532305061817
     656.2946631087392007       0.9923543916083872
     656.2948632421614548       0.9259833171963692
     656.2950633755837089       1.0425622947514057
     656.2952635090060767       0.9561914056539536
     656.2954636424283308       0.9711265880614519
     656.2956637758505849       0.9892824301496148
     656.2958639092728390       0.8971546366810799
     656.2960640426952068       0.9515088088810444
     656.2962641761174609       1.0522328428924084
     656.2964643095397150       0.9460917003452778
     656.2966644429619691       0.9374580532312393
     656.2968645763843369       0.9572486765682697
     656.2970647098065911       1.0465295724570751
     656.2972648432288452       0.9824749361723661
     656.2974649766510993       0.9661366902291775
     656.2976651100734671       1.0510517619550228
     656.2978652434957212       0.9369518235325813
     656.2980653769179753       1.0045174229890108
     656.2982655103402294       1.0320902504026890
     656.2984656437624835       0.9755402617156506
     656.2986657771848513       0.9948666286654770
     656.2988659106071054       1.0415397956967354
     656.2990660440293595       0.9887428889051080
     656.2992661774516137       1.0320165678858757
     656.2994663108739815       0.9503185115754604
     656.2996664442962356       0.9875251324847341
     656.2998665777184897       0.9875646689906716
     656.3000667111407438       1.0519389919936657
     656.3002668445631116       0.9980563528370112
     656.3004669779853657       0.9226074293255806
     656.3006671114076198       0.9366721287369728
     656.3008672448298739       1.0707452595233917
     656.3010673782522417       0.9644371792674065
     656.3012675116744958       0.9935246086679399
     656.3014676450967499       0.9654827751219273
     656.3016677785190041       0.9379861056804657
     656.3018679119413719       1.0870670899748802
     656.3020680453636260       0.9645467363297939
     656.3022681787858801       0.9383130781352520
     656.3024683122081342       1.0056203003041446
     656.3026684456305020       1.0264508705586195
     656.3028685790527561       0.8978805318474770
     656.3030687124750102       0.9763374868780375
     656.3032688458972643       1.0634172558784485
     656.3034689793196321       1.0184749774634838
     656.3036691127418862       0.9718372989445925
     656.3038692461641403       1.0502085387706757
     656.3040693795863945       1.0014130700146779
     656.3042695130086486       1.0610663183033466
     656.3044696464310164       0.9792712759226561
     656.3046697798532705       1.0221788436174393
     656.3048699132755246       1.0115417391061783
     656.3050700466977787       0.9197472482919693
     656.3052701801201465       0.9631879180669785
     656.3054703135424006       1.0281622689217329
     656.3056704469646547       0.9717206805944443
     656.3058705803869088       1.0216846056282520
     656.3060707138092766       0.9834269210696220
     656.3062708472315308       1.0374341048300266
     656.3064709806537849       1.0121973669156432
     656.3066711140760390       0.9416008703410625
     656.3068712474984068       1.0397756844758987
     656.3070713809206609       1.0125714093446732
     656.3072715143429150       0.9876132728531957
     656.3074716477651691       0.9543926417827606
     656.3076717811875369       0.9711828585714102
     656.3078719146097910       1.0073650921694934
     656.3080720480320451       1.0067988410592079
     656.3082721814542992       1.0819006785750389
     656.3084723148766670       0.9994708831072785
     656.3086724482989212       1.0578089915215969
     656.3088725817211753       0.9740976151078939
     656.3090727151434294       1.0155032351613045
     656.3092728485656835       1.0052852141670883
     656.3094729819880513       0.9631298817694187
     656.3096731154103054       1.0055871787481010
     656.3098732488325595       0.9950379082001746
     656.3100733822548136       0.9704420324414968
     656.3102735156771814       0.9299216791987419
     656.3104736490994355       1.0059433551505208
     656.3106737825216896       0.9655811525881290
     656.3108739159439438       1.0456202775239944
     656.3110740493663116       1.0519850514829159
     656.3112741827885657       0.9854759136214851
     656.3114743162108198       1.0250149499624968
     656.3116744496330739       1.0040353713557122
     656.3118745830554417       1.0860494747757907
     656.3120747164776958       0.9590231366455551
     656.3122748498999499       0.9772361014038318
     656.3124749833222040       0.9908868400380005
     656.3126751167445718       1.0472398400306686
     656.3128752501668259       0.9113261252641655
     656.3130753835890800       0.9966729518491739
     656.3132755170113342       0.9707876536995120
     656.3134756504337020       0.9445890821516436
     656.3136757838559561       1.1099726483225707
     656.3138759172782102       1.0255129244178365
     656.3140760507004643       1.0694688484072437
     656.3142761841228321       1.0314570404588812
     656.3144763175450862       1.0237202886491479
     656.3146764509673403       0.9780995920299702
     656.3148765843895944       0.9685529321430975
     656.3150767178118485       0.9869533563031090
     656.3152768512342163       0.9846058906984906
     656.3154769846564704       0.9887917498123149
     656.3156771180787246       0.9269624799484956
     656.3158772515009787       1.0198379419736789
     656.3160773849233465       1.1301280856122129
     656.3162775183456006       1.0812678784117140
     656.3164776517678547       0.9853607965612031
     656.3166777851901088       0.9010501727431538
     656.3168779186124766       1.0303506683515178
     656.3170780520347307       0.9535542763708574
     656.3172781854569848       1.0107131879690345
     656.3174783188792389       1.0694066211459345
     656.3176784523016067       1.0264123268253895
     656.3178785857238609       1.0092589221653838
     656.3180787191461150       1.0282542146404934
     656.3182788525683691       1.0675701125984862
     656.3184789859907369       1.0420502386330264
     656.3186791194129910       1.0076660694572528
     656.3188792528352451       0.9862465438097964
     656.3190793862574992       0.9246253816521944
     656.3192795196798670       0.9661590193775532
     656.3194796531021211       1.0074764556650657
     656.3196797865243752       0.9695840641015289
     656.3198799199466293       1.0222121694391517
     656.3200800533688835       0.8849158874553336
     656.3202801867912513       1.0509390409573420
     656.3204803202135054       0.9607782720602318
     656.3206804536357595       1.0718933024418238
     656.3208805870580136       0.9824448217506040
     656.3210807204803814       1.0431688426053500
     656.3212808539026355       0.9878488214193915
     656.3214809873248896       1.0584869910146879
     656.3216811207471437       0.9962135789366006
     656.3218812541695115       0.9516739234627035
     656.3220813875917656       1.0219521261050009
     656.3222815210140197       0.9790802057646524
     656.3224816544362739       0.9998084647704497
     656.3226817878586417       0.9572114440611876
     656.3228819212808958       0.9732628841629427
     656.3230820547031499       1.0123529377821181
     656.3232821881254040       1.0091502993622894
     656.3234823215477718       0.9816085495949480
     656.3236824549700259       0.9626505525012954
     656.3238825883922800       0.9559096680372599
     656.3240827218145341       0.9494081574058646
     656.3242828552369019       1.0013457868959126
     656.3244829886591560       0.9819661987102466
     656.3246831220814101       1.0161785099247469
     656.3248832555036643       1.0516837101191654
     656.3250833889260321       0.9338999268995959
     656.3252835223482862       1.0478135515928475
     656.3254836557705403       0.9667824244280350
     656.3256837891927944       0.9383650922842757
     656.3258839226150485       1.0223248315646538
     656.3260840560374163       1.0631981853899477
     656.3262841894596704       0.9907171998452273
     656.3264843228819245       1.0249619427618262
     656.3266844563041786       1.0589727120692289
     656.3268845897265464       0.9407060939857130
     656.3270847231488005       0.9847400904681693
     656.3272848565710547       1.0262718598664069
     656.3274849899933088       1.0135529335816909
     656.3276851234156766       0.9569921707057096
     656.3278852568379307       1.0155834672580957
     656.3280853902601848       0.9239176386829909
     656.3282855236824389       0.9329270191170413
     656.3284856571048067       1.0324859877719379
     656.3286857905270608       1.0229381216614390
     656.3288859239493149       0.9409264094893387
     656.3290860573715690       1.0124454936011409
     656.3292861907939368       0.9082707195970948
     656.3294863242161910       0.9377071986380610
     656.3296864576384451       1.0593072500951100
     656.3298865910606992       0.9963035906122540
     656.3300867244830670       0.9891195476181935
     656.3302868579053211       0.9853864309650965
     656.3304869913275752       1.0125983490020078
     656.3306871247498293       1.0183687290393548
     656.3308872581721971       0.9865253547124064
     656.3310873915944512       1.0116440946389216
     656.3312875250167053       0.9555769158918500
     656.3314876584389594       1.0104205355516087
     656.3316877918612136       1.0395044290486561
     656.3318879252835814       0.9843265960795085
     656.3320880587058355       0.9907471374189497
     656.3322881921280896       1.0045866275403941
     656.3324883255503437       0.9619492583894237
     656.3326884589727115       1.0179036596530588
     656.3328885923949656       0.9946275133435437
     656.3330887258172197       0.9688294469683385
     656.3332888592394738       0.9097443935650088
     656.3334889926618416       0.9706368829061742
     656.3336891260840957       0.9813343784730515
     656.3338892595063498       0.9691584926555605
     656.3340893929286040       0.9864182476776887
     656.3342895263509718       1.1654368341224151
     656.3344896597732259       1.0417973278162513
     656.3346897931954800       0.8792813708486356
     656.3348899266177341       1.0028912987234866
     656.3350900600401019       1.0754955531711579
     656.3352901934623560       0.9756169396708239
     656.3354903268846101       1.0805596464504490
     656.3356904603068642       1.0233371177780746
     656.3358905937292320       0.9961524137150168
     656.3360907271514861       0.9369384326704389
     656.3362908605737402       1.0104282402980871
     656.3364909939959944       1.0626737626714009
     656.3366911274182485       0.9864542284665320
     656.3368912608406163       0.9433338419791929
     656.3370913942628704       0.9952331461346899
     656.3372915276851245       1.0031825465300774
     656.3374916611073786       0.9838341719659073
     656.3376917945297464       0.9681377273161387
     656.3378919279520005       1.0610274125048300
     656.3380920613742546       0.8260699227684269
     656.3382921947965087       0.9767300640936217
     656.3384923282188765       1.0061235001524373
     656.3386924616411306       0.9601015012581526
     656.3388925950633848       0.9213799536673984
     656.3390927284856389       0.9012635031133198
     656.3392928619080067       0.9279882270631264
     656.3394929953302608       0.9794916286743003
     656.3396931287525149       0.8921049840445432
     656.3398932621747690       0.8855699886178308
     656.3400933955971368       0.8752807755749958
     656.3402935290193909       0.7891609077889290
     656.3404936624416450       0.9053612393771964
     656.3406937958638991       0.9442430221634036
     656.3408939292862669       0.8465847466115338
     656.3410940627085211       0.8752092346553519
     656.3412941961307752       0.8760811618012174
     656.3414943295530293       0.7870937004640938
     656.3416944629753971       0.8919323473057250
     656.3418945963976512       0.8598557002736548
     656.3420947298199053       0.8602692057275605
     656.3422948632421594       0.8078571503334073
     656.3424949966644135       0.8276843065030366
     656.3426951300867813       0.8466146907169220
     656.3428952635090354       0.8278026952769489
     656.3430953969312895       0.8664026496330047
     656.3432955303535437       0.7946728037996899
     656.3434956637759115       0.7796824417748105
     656.3436957971981656       0.8135113248609460
     656.3438959306204197       0.7472475302761286
     656.3440960640426738       0.8318161610845185
     656.3442961974650416       0.7751201571459253
     656.3444963308872957       0.7502691070689320
     656.3446964643095498       0.8531786196438620
     656.3448965977318039       0.8465220509724209
     656.3450967311541717       0.7797725033794352
     656.3452968645764258       0.7656842905377849
     656.3454969979986799       0.7877770240495559
     656.3456971314209341       0.7719256457989285
     656.3458972648433019       0.8926309450132288
     656.3460973982655560       0.8364887758369239
     656.3462975316878101       0.7407141554755842
     656.3464976651100642       0.7263697687950856
     656.3466977985324320       0.7914297613038089
     656.3468979319546861       0.8481607987077986
     656.3470980653769402       0.7489801384271441
     656.3472981987991943       0.8426665870768314
     656.3474983322214484       0.8106444471975610
     656.3476984656438162       0.8453533266329794
     656.3478985990660703       0.8253271586335886
     656.3480987324883245       0.8301898078336749
     656.3482988659105786       0.9018159648871673
     656.3484989993329464       0.7975654504914508
     656.3486991327552005       0.8455302026440186
     656.3488992661774546       0.8323862074899556
     656.3490993995997087       0.8217100919262421
     656.3492995330220765       0.9125315713236380
     656.3494996664443306       1.0107569313168658
     656.3496997998665847       0.8248239389020240
     656.3498999332888388       0.9362852483985330
     656.3501000667112066       0.8752984639829955
     656.3503002001334607       0.9424710043030660
     656.3505003335557149       0.9279473158565368
     656.3507004669779690       0.9955000940231620
     656.3509006004003368       0.8720281637144611
     656.3511007338225909       0.9240299396355519
     656.3513008672448450       0.9816846639675061
     656.3515010006670991       0.9566109848641092
     656.3517011340894669       0.9962414001879319
     656.3519012675117210       0.9420341517543703
     656.3521014009339751       0.9097559643868396
     656.3523015343562292       1.0099344787986371
     656.3525016677785970       0.9614245382495322
     656.3527018012008512       0.9304236171289173
     656.3529019346231053       1.0240696356651913
     656.3531020680453594       0.9786966611012904
     656.3533022014676135       0.9704813719869206
     656.3535023348899813       1.0009373259987422
     656.3537024683122354       0.9440782312203414
     656.3539026017344895       1.0302988230810546
     656.3541027351567436       0.9475297662375218
     656.3543028685791114       0.9177245382996372
     656.3545030020013655       1.0200979317773926
     656.3547031354236196       0.9588359092991302
     656.3549032688458738       1.0209519681626245
     656.3551034022682416       1.0690160216498301
     656.3553035356904957       0.9577117886180235
     656.3555036691127498       0.9849974474382415
     656.3557038025350039       0.9672882192970295
     656.3559039359573717       1.0235764763476778
     656.3561040693796258       1.0200782943569431
     656.3563042028018799       0.8933518432344891
     656.3565043362241340       1.0080877665642989
     656.3567044696465018       1.0165981294861406
     656.3569046030687559       0.9653878039946978
     656.3571047364910100       0.9916157621740388
     656.3573048699132642       1.0789096226758568
     656.3575050033356320       0.9991090861782325
     656.3577051367578861       1.0670762635605966
     656.3579052701801402       1.0639364465429320
     656.3581054036023943       0.9745347448492058
     656.3583055370246484       1.0763214839222908
     656.3585056704470162       0.9887178848421384
     656.3587058038692703       0.9910946212066187
     656.3589059372915244       1.0350741139802371
     656.3591060707137785       0.9746433384438428
     656.3593062041361463       1.0581159509897669
     656.3595063375584004       0.9874987383425714
     656.3597064709806546       1.0155171902793296
     656.3599066044029087       1.0214350490352635
     656.3601067378252765       0.9173790964133743
     656.3603068712475306       0.9865370284158909
     656.3605070046697847       1.0222744479507502
     656.3607071380920388       1.0451370929433206
     656.3609072715144066       0.9914124891040439
     656.3611074049366607       0.9590228153030323
     656.3613075383589148       0.9465971115152890
     656.3615076717811689       0.9559515260091731
     656.3617078052035367       0.9388325452366565
     656.3619079386257908       0.9045551122269080
     656.3621080720480450       1.0530151585666032
     656.3623082054702991       1.0297242447423569
     656.3625083388926669       0.9790443414449809
     656.3627084723149210       1.0131164689005101
     656.3629086057371751       1.0060454332478805
     656.3631087391594292       1.0174739499811247
     656.3633088725817970       1.0057284414960843
     656.3635090060040511       1.0270953223567736
     656.3637091394263052       1.0591249154683455
     656.3639092728485593       0.9950610695820620
     656.3641094062708135       0.9767549892980928
     656.3643095396931813       1.0245628833679437
     656.3645096731154354       0.9314261762090775
     656.3647098065376895       1.0018682575888322
     656.3649099399599436       0.9792169857715858
     656.3651100733823114       1.0307346033047979
     656.3653102068045655       0.9274865716176884
     656.3655103402268196       0.8854925341874939
     656.3657104736490737       0.9589383922302038
     656.3659106070714415       0.9722772007770187
     656.3661107404936956       1.0520098886644316
     656.3663108739159497       0.9260792404197860
     656.3665110073382039       1.0257525590404426
     656.3667111407605717       0.9859642046999337
     656.3669112741828258       1.0932063887544534
     656.3671114076050799       1.0335259548463378
     656.3673115410273340       0.9183742614833673
     656.3675116744497018       1.1004363212945045
     656.3677118078719559       0.9660441177392326
     656.3679119412942100       0.9734159929365362
     656.3681120747164641       1.0153194687684242
     656.3683122081388319       0.9029150531007972
     656.3685123415610860       0.9395623785093120
     656.3687124749833401       1.0133633376896320
     656.3689126084055943       1.0357967994420423
     656.3691127418278484       0.9283371098137025
     656.3693128752502162       1.0085646223397866
     656.3695130086724703       1.0416388909189636
     656.3697131420947244       0.9775472814536297
     656.3699132755169785       0.9825145092724950
     656.3701134089393463       0.9754744372175014
     656.3703135423616004       0.9462627951274299
     656.3705136757838545       1.0475607064797514
     656.3707138092061086       1.0716256497442189
     656.3709139426284764       0.9099655746076833
     656.3711140760507305       1.0337632856298637
     656.3713142094729847       0.9700565449199401
     656.3715143428952388       0.9933026669980038
     656.3717144763176066       0.9528141431153673
     656.3719146097398607       1.0349939800544057
     656.3721147431621148       0.9327607229170430
     656.3723148765843689       1.0615321956445878
     656.3725150100067367       0.9138406589535786
     656.3727151434289908       1.0514343641633670
     656.3729152768512449       1.0320625118865634
     656.3731154102734990       1.0082680154559691
     656.3733155436958668       0.9942420325219448
     656.3735156771181209       0.9506527855976540
     656.3737158105403751       1.0307045634824941
     656.3739159439626292       1.0529532544307187
     656.3741160773849970       0.9908927464852364
     656.3743162108072511       0.9658837504681228
     656.3745163442295052       1.0540950968859024
     656.3747164776517593       1.0334487818179752
     656.3749166110740134       1.0030319818759987
     656.3751167444963812       1.0254614893346192
     656.3753168779186353       0.9680535085498717
     656.3755170113408894       0.9691144227981179
     656.3757171447631436       1.0210136957466336
     656.3759172781855113       0.9396904446184455
     656.3761174116077655       1.0383831895887730
     656.3763175450300196       1.0107591859996237
     656.3765176784522737       1.0152156352996771
     656.3767178118746415       1.0062295957468412
     656.3769179452968956       1.0023378559853855
     656.3771180787191497       0.9145104661583884
     656.3773182121414038       1.1226052418351162
     656.3775183455637716       0.8821400776505463
     656.3777184789860257       0.9755863733589645
     656.3779186124082798       0.9916953155770895
     656.3781187458305340       1.0304773692041633
     656.3783188792529018       0.9032004252076148
     656.3785190126751559       1.0211736503988504
     656.3787191460974100       0.9372043386101722
     656.3789192795196641       1.0517947785556316
     656.3791194129420319       0.9847627533599734
     656.3793195463642860       1.0187678001821041
     656.3795196797865401       1.0933316200971603
     656.3797198132087942       0.9507279545068741
     656.3799199466311620       0.9893492581322789
     656.3801200800534161       1.1060918569564819
     656.3803202134756702       1.0765477344393730
     656.3805203468979244       1.0027093521784991
     656.3807204803201785       1.0357140228152275
     656.3809206137425463       0.9238875508308411
     656.3811207471648004       0.9434579201042652
     656.3813208805870545       0.9614562317728996
     656.3815210140093086       1.0056757084093988
     656.3817211474316764       1.0196300931274891
     656.3819212808539305       0.9865213315933943
     656.3821214142761846       1.0262409001588821
     656.3823215476984387       0.9864966617897153
     656.3825216811208065       1.0223187040537596
     656.3827218145430606       0.9326033666729927
     656.3829219479653148       1.0205245576798916
     656.3831220813875689       1.0326276272535324
     656.3833222148099367       0.9915112974122167
     656.3835223482321908       1.0979021862149239
     656.3837224816544449       0.9948042784817517
     656.3839226150766990       0.9871848868206143
     656.3841227484990668       0.9421599246561527
     656.3843228819213209       0.9977151351049542
     656.3845230153435750       1.0510566420853138
     656.3847231487658291       0.9841547347605228
     656.3849232821881969       0.9511969946324825
     656.3851234156104510       0.9965481609106064
     656.3853235490327052       0.9771945830434561
     656.3855236824549593       0.9880819022655487
     656.3857238158772134       0.9601093567907810
     656.3859239492995812       1.0248998478055000
     656.3861240827218353       1.0594877712428570
     656.3863242161440894       1.0194462072104216
     656.3865243495663435       0.9808225911110640
     656.3867244829887113       1.0231969542801380
     656.3869246164109654       1.0403225384652615
     656.3871247498332195       1.0507465600967407
     656.3873248832554737       1.0202303845435381
     656.3875250166778414       1.0030440026894212
     656.3877251501000956       0.9585504010319710
     656.3879252835223497       0.9656607508659363
     656.3881254169446038       1.0149275781586766
     656.3883255503669716       0.9814695920795202
     656.3885256837892257       1.0052053583785892
     656.3887258172114798       0.9914007280021906
     656.3889259506337339       1.0336781963706017
     656.3891260840561017       0.9927332126535475
     656.3893262174783558       1.0558161400258541
     656.3895263509006099       0.9946994050405920
     656.3897264843228641       1.0821776613593102
     656.3899266177452319       1.0545181222259998
     656.3901267511674860       0.9656588956713676
     656.3903268845897401       1.0142966108396649
     656.3905270180119942       0.9973453965503722
     656.3907271514343620       1.0501175336539745
     656.3909272848566161       1.0183944907039404
     656.3911274182788702       0.9505425132811069
     656.3913275517011243       0.9863143945112824
     656.3915276851233784       1.0683977007865906
     656.3917278185457462       0.9722808469086885
     656.3919279519680003       1.0228045787662268
     656.3921280853902545       0.9792651291936636
     656.3923282188125086       1.0272381901741028
     656.3925283522348764       1.0115459952503443
     656.3927284856571305       0.9905911432579160
     656.3929286190793846       0.9488179981708527
     656.3931287525016387       1.1382898390293121
     656.3933288859240065       1.0628859475255013
     656.3935290193462606       1.0373564995825291
     656.3937291527685147       0.9815436080098152
     656.3939292861907688       1.0086036538705230
     656.3941294196131366       1.0577142499387264
     656.3943295530353907       1.0245530512183905
     656.3945296864576449       0.9298257529735565
     656.3947298198798990       1.0187813714146614
     656.3949299533022668       0.9947879621759057
     656.3951300867245209       0.9671455733478069
     656.3953302201467750       1.0433377400040627
     656.3955303535690291       1.0722470134496689
     656.3957304869913969       1.0016526213148609
     656.3959306204136510       1.0193393435329199
     656.3961307538359051       1.0498891435563564
     656.3963308872581592       1.0250012185424566
     656.3965310206804133       0.9673763439059258
     656.3967311541027811       1.0685512796044350
     656.3969312875250353       0.9629743732511997
     656.3971314209472894       1.0189936272799969
     656.3973315543695435       1.0098374839872122
     656.3975316877919113       0.9753170739859343
     656.3977318212141654       1.0187416803091764
     656.3979319546364195       0.9994557677418925
     656.3981320880586736       0.9569283761084080
     656.3983322214810414       0.9813612159341574
     656.3985323549032955       0.9238119870424271
     656.3987324883255496       0.9636364690959454
     656.3989326217478038       0.9790410194545984
     656.3991327551701715       0.9714481979608536
     656.3993328885924257       1.0830429121851921
     656.3995330220146798       1.1132777258753777
     656.3997331554369339       1.0437391400337219
     656.3999332888593017       0.9741669744253159
     656.4001334222815558       1.0140966642647982
     656.4003335557038099       1.0034896375145763
     656.4005336891260640       0.9629285223782063
     656.4007338225484318       0.9633047915995121
     656.4009339559706859       1.0184949915856123
     656.4011340893929400       0.8564714938402176
     656.4013342228151942       1.0807181075215340
     656.4015343562375620       0.9227082580327988
     656.4017344896598161       1.0127531960606575
     656.4019346230820702       0.9826530758291483
     656.4021347565043243       1.0319926887750626
     656.4023348899265784       1.0278942883014679
     656.4025350233489462       1.0122497202828526
     656.4027351567712003       0.9554427601397038
     656.4029352901934544       1.0214453916996717
     656.4031354236157085       1.0258350018411875
     656.4033355570380763       0.9904603511095047
     656.4035356904603304       0.9990585117484443
     656.4037358238825846       1.0079464316368103
     656.4039359573048387       0.9686381928622723
     656.4041360907272065       0.9878298901021481
     656.4043362241494606       1.0700255036354065
     656.4045363575717147       0.9371070787310600
     656.4047364909939688       1.0167925059795380
     656.4049366244163366       0.9886975185945630
     656.4051367578385907       1.0075047239661217
     656.4053368912608448       0.9607117362320423
     656.4055370246830989       1.0373189672827721
     656.4057371581054667       0.9356901720166206
     656.4059372915277208       0.9818217214196920
     656.4061374249499750       0.9750080723315477
     656.4063375583722291       0.8899433389306068
     656.4065376917945969       1.0688212886452675
     656.4067378252168510       0.9935096153058112
     656.4069379586391051       0.9639300554990768
     656.4071380920613592       1.0495450906455517
     656.4073382254836133       1.0779751837253571
     656.4075383589059811       1.0541072860360146
     656.4077384923282352       1.0219623334705830
     656.4079386257504893       0.8826017454266548
     656.4081387591727434       0.9238310381770134
     656.4083388925951112       0.9266614392399788
     656.4085390260173654       0.9992181858979166
     656.4087391594396195       0.9853152707219124
     656.4089392928618736       1.0156367644667625
     656.4091394262842414       1.0122127747163177
     656.4093395597064955       0.9248603582382202
     656.4095396931287496       0.9228030443191528
     656.4097398265510037       1.0073867724277079
     656.4099399599733715       0.9747715294361115
     656.4101400933956256       1.0223979204893112
     656.4103402268178797       1.0676246732473373
     656.4105403602401339       1.0342965386807919
     656.4107404936625016       1.0741014182567596
     656.4109406270847558       1.0496961548924446
     656.4111407605070099       0.8993536010384560
     656.4113408939292640       0.9626707211136818
     656.4115410273516318       1.0147825079038739
     656.4117411607738859       0.9545732177793980
     656.4119412941961400       1.0234500449150801
     656.4121414276183941       1.0240309517830610
     656.4123415610407619       1.0059888032265007
     656.4125416944630160       1.0525463111698627
     656.4127418278852701       1.0140936514362693
     656.4129419613075243       0.9946560403332114
     656.4131420947297784       0.8834313750267029
     656.4133422281521462       1.0506115444004536
     656.4135423615744003       0.9267141446471214
     656.4137424949966544       1.0586655400693417
     656.4139426284189085       1.0282256696373224
     656.4141427618412763       1.0433363616466522
     656.4143428952635304       0.9433090277016163
     656.4145430286857845       0.9627477712929249
     656.4147431621080386       1.0202570836991072
     656.4149432955304064       0.9438701905310154
     656.4151434289526605       1.0308407787233591
     656.4153435623749147       1.0387068092823029
     656.4155436957971688       1.0604664981365204
     656.4157438292195366       0.9665913768112659
     656.4159439626417907       0.9274419769644737
     656.4161440960640448       0.9991328435717151
     656.4163442294862989       0.9335856512188911
     656.4165443629086667       0.9385501854121685
     656.4167444963309208       0.9851473392918706
     656.4169446297531749       1.0053631695918739
     656.4171447631754290       1.0143217807635665
     656.4173448965977968       0.9888018378987908
     656.4175450300200509       1.1425458788871765
     656.4177451634423051       1.0489983856678009
     656.4179452968645592       1.0092262653633952
     656.4181454302869270       0.9854202670976520
     656.4183455637091811       1.0005865503335372
     656.4185456971314352       0.9160960689187050
     656.4187458305536893       1.0724185258150101
     656.4189459639759434       0.9694653768092394
     656.4191460973983112       0.9308117330074310
     656.4193462308205653       0.9842540472745895
     656.4195463642428194       0.9812661204487085
     656.4197464976650735       1.0416586585342884
     656.4199466310874413       0.9852220313623548
     656.4201467645096955       0.9392922259867191
     656.4203468979319496       1.1198407784104347
     656.4205470313542037       1.0118529750034213
     656.4207471647765715       0.9417870268225670
     656.4209472981988256       0.9266606643795967
     656.4211474316210797       0.9683428779244423
     656.4213475650433338       0.9300211444497108
     656.4215476984657016       0.9430563859641552
     656.4217478318879557       1.0152517063543200
     656.4219479653102098       1.0578066967427731
     656.4221480987324640       0.9935017218813300
     656.4223482321548317       1.0758562311530113
     656.4225483655770859       1.0545420944690704
     656.4227484989993400       0.9517764262855053
     656.4229486324215941       0.9869566662237048
     656.4231487658439619       1.0309867914766073
     656.4233488992662160       1.0143420100212097
     656.4235490326884701       1.0063834004104137
     656.4237491661107242       1.1171690598130226
     656.4239492995329783       1.0832539722323418
     656.4241494329553461       1.0347060225903988
     656.4243495663776002       1.1653975993394852
     656.4245496997998544       0.9783957712352276
     656.4247498332221085       1.0589287951588631
     656.4249499666444763       0.9981537606799975
     656.4251501000667304       1.0065545262768865
     656.4253502334889845       1.0202449858188629
     656.4255503669112386       0.9414189755916595
     656.4257505003336064       1.0516193807125092
     656.4259506337558605       0.9199227318167686
     656.4261507671781146       0.9873523470014334
     656.4263509006003687       0.9545823894441128
     656.4265510340227365       0.9504502415657043
     656.4267511674449906       1.0024362439289689
     656.4269513008672448       0.9396855570375919
     656.4271514342894989       0.9615488983690739
     656.4273515677118667       1.0218451078981161
     656.4275517011341208       1.0664715692400932
     656.4277518345563749       0.9711015336215496
     656.4279519679786290       1.0274115353822708
     656.4281521014009968       1.0043604210950434
     656.4283522348232509       0.9837222583591938
     656.4285523682455050       1.0816864892840385
     656.4287525016677591       0.9055769219994545
     656.4289526350901269       1.0228655580431223
     656.4291527685123810       1.0325751863420010
     656.4293529019346352       0.9174588024616241
     656.4295530353568893       1.0106451641768217
     656.4297531687791434       0.9761000238358974
     656.4299533022015112       0.9664955623447895
     656.4301534356237653       1.0305899865925312
     656.4303535690460194       1.0799633935093880
     656.4305537024682735       1.0721488744020462
     656.4307538358906413       1.0784952640533447
     656.4309539693128954       1.0191188585013151
     656.4311541027351495       0.9752711560577154
     656.4313542361574036       1.0019135539187118
     656.4315543695797714       1.1051481962203979
     656.4317545030020256       0.9818647615611553
     656.4319546364242797       0.9873916981741786
     656.4321547698465338       1.0322223305702209
     656.4323549032689016       0.9661691375076771
     656.4325550366911557       0.9854811141267419
     656.4327551701134098       1.0657097101211548
     656.4329553035356639       0.9353264793753624
     656.4331554369580317       1.0791557729244232
     656.4333555703802858       1.0684498846530914
     656.4335557038025399       1.0228824317455292
     656.4337558372247940       1.0281310826539993
     656.4339559706471618       0.9906650092452765
     656.4341561040694160       1.0122663667425513
     656.4343562374916701       0.9895092891529202
     656.4345563709139242       1.0632998645305634
     656.4347565043361783       0.9258302822709084
     656.4349566377585461       1.0347715876996517
     656.4351567711808002       1.0327810049057007
     656.4353569046030543       0.9902937179431319
     656.4355570380253084       1.0223594270646572
     656.4357571714476762       0.9758778139948845
     656.4359573048699303       0.9710762016475201
     656.4361574382921845       1.0289886631071568
     656.4363575717144386       1.0267503950744867
     656.4365577051368064       1.0220377054065466
     656.4367578385590605       0.9339199364185333
     656.4369579719813146       0.9238668903708458
     656.4371581054035687       0.9908002885058522
     656.4373582388259365       1.0023825550451875
     656.4375583722481906       0.9916869886219501
     656.4377585056704447       1.0924647524952888
     656.4379586390926988       0.9972651738207787
     656.4381587725150666       0.9828047957271338
     656.4383589059373207       0.9796948824077845
     656.4385590393595749       0.9982346129836515
     656.4387591727818290       0.9979263918939978
     656.4389593062041968       1.0282051861286163
     656.4391594396264509       0.9789955150336027
     656.4393595730487050       0.9872583104297519
     656.4395597064709591       0.9761173781007528
     656.4397598398933269       0.9444230385124683
     656.4399599733155810       1.0688411667943001
     656.4401601067378351       0.9079742059111595
     656.4403602401600892       1.0711462125182152
     656.4405603735823433       0.9968401133082807
     656.4407605070047111       1.0822030827403069
     656.4409606404269653       0.9860797803848982
     656.4411607738492194       0.9878322938457131
     656.4413609072714735       0.9142929986119270
     656.4415610406938413       1.0787828043103218
     656.4417611741160954       0.9370615258812904
     656.4419613075383495       1.0022837419528514
     656.4421614409606036       1.0029281585011631
     656.4423615743829714       0.9092982187867165
     656.4425617078052255       0.9238512143492699
     656.4427618412274796       0.9838952608406544
     656.4429619746497337       0.9436863996088505
     656.4431621080721015       0.9502039998769760
     656.4433622414943557       0.9611242152750492
     656.4435623749166098       1.0617805384099483
     656.4437625083388639       0.9599517285823822
     656.4439626417612317       1.0132063124328852
     656.4441627751834858       1.1018574237823486
     656.4443629086057399       1.0796671286225319
     656.4445630420279940       0.9575623385608196
     656.4447631754503618       0.9840276818722486
     656.4449633088726159       1.0124479318037629
     656.4451634422948700       1.0752840042114258
     656.4453635757171241       0.8769755810499191
     656.4455637091393783       1.0177032686769962
     656.4457638425617461       0.9969341396354139
     656.4459639759840002       0.9399405904114246
     656.4461641094062543       0.9678030945360661
     656.4463642428285084       1.0296547710895538
     656.4465643762508762       0.9241685718297958
     656.4467645096731303       1.0135919554159045
     656.4469646430953844       1.0023024100810289
     656.4471647765176385       1.0291748289018869
     656.4473649099400063       1.0553032755851746
     656.4475650433622604       0.9868814852088690
     656.4477651767845146       1.0831251144409180
     656.4479653102067687       0.9948712801560760
     656.4481654436291365       1.0044647241011262
     656.4483655770513906       0.9829200431704521
     656.4485657104736447       1.0056279152631760
     656.4487658438958988       1.0362032093107700
     656.4489659773182666       0.9232748374342918
     656.4491661107405207       0.9420349113643169
     656.4493662441627748       1.0416698716580868
     656.4495663775850289       1.0423047654330730
     656.4497665110073967       0.9869304159656167
     656.4499666444296508       1.0489260405302048
     656.4501667778519050       1.0864699706435204
     656.4503669112741591       0.9817558843642473
     656.4505670446965269       0.9681228026747704
     656.4507671781187810       1.0532417185604572
     656.4509673115410351       1.0348625890910625
     656.4511674449632892       1.0061674662865698
     656.4513675783855433       1.0988957062363625
     656.4515677118079111       1.0489878617227077
     656.4517678452301652       1.0222400296479464
     656.4519679786524193       1.0171925369650126
     656.4521681120746734       0.9427313990890980
     656.4523682454970412       0.9586884528398514
     656.4525683789192954       1.0227061714977026
     656.4527685123415495       0.9906107550486922
     656.4529686457638036       0.9944732170552015
     656.4531687791861714       0.9947146521881223
     656.4533689126084255       0.9508124031126499
     656.4535690460306796       0.9698974844068289
     656.4537691794529337       0.9955956507474184
     656.4539693128753015       0.9546178765594959
     656.4541694462975556       0.9192868918180466
     656.4543695797198097       1.0073054269887507
     656.4545697131420638       1.0419691428542137
     656.4547698465644316       1.0052198353223503
     656.4549699799866858       1.0229198355227709
     656.4551701134089399       1.1037913486361504
     656.4553702468311940       0.9420916251838207
     656.4555703802535618       1.0879524946212769
     656.4557705136758159       1.0094236349686980
     656.4559706470980700       1.0151418838649988
     656.4561707805203241       0.9357637465000153
     656.4563709139425782       0.9691333081573248
     656.4565710473649460       0.9491589069366455
     656.4567711807872001       0.9897759184241295
     656.4569713142094542       1.0195894557982683
     656.4571714476317084       0.9616359286010265
     656.4573715810540762       1.0166278090327978
     656.4575717144763303       1.0844039991497993
     656.4577718478985844       0.9718847386538982
     656.4579719813208385       0.9506499990820885
     656.4581721147432063       0.9336807578802109
     656.4583722481654604       1.0311033632606268
     656.4585723815877145       0.9769534897059202
     656.4587725150099686       1.0231997799128294
     656.4589726484323364       0.9844629447907209
     656.4591727818545905       1.0330393873155117
     656.4593729152768447       0.8538816720247269
     656.4595730486990988       0.9627312049269676
     656.4597731821214666       1.0804692432284355
     656.4599733155437207       1.0502394400537014
     656.4601734489659748       1.0770651474595070
     656.4603735823882289       1.0097867436707020
     656.4605737158105967       0.9867420252412558
     656.4607738492328508       0.9989408970577642
     656.4609739826551049       0.9667852111160755
     656.4611741160773590       1.0689965710043907
     656.4613742494997268       1.0743733644485474
     656.4615743829219809       1.0499832965433598
     656.4617745163442351       1.0467930622398853
     656.4619746497664892       1.0272988379001617
     656.4621747831887433       1.0003331219777465
     656.4623749166111111       1.0367193520069122
     656.4625750500333652       0.9337619543075562
     656.4627751834556193       0.8622013479471207
     656.4629753168778734       1.0103402975946665
     656.4631754503002412       0.9196937680244446
     656.4633755837224953       0.9399487264454365
     656.4635757171447494       1.0138013092800975
     656.4637758505670035       1.0246318094432354
     656.4639759839893713       1.0342578701674938
     656.4641761174116255       0.9974407425615937
     656.4643762508338796       0.9502290003001690
     656.4645763842561337       0.9499544724822044
     656.4647765176785015       0.9238558858633041
     656.4649766511007556       1.0550823770463467
     656.4651767845230097       0.9929199023172259
     656.4653769179452638       0.9867940600961447
     656.4655770513676316       1.0717491135001183
     656.4657771847898857       1.0370303355157375
     656.4659773182121398       0.9540287442505360
     656.4661774516343939       0.9613981358706951
     656.4663775850567617       1.0376605689525604
     656.4665777184790159       1.0353790707886219
     656.4667778519012700       1.0081282770261168
     656.4669779853235241       0.9708155039697886
     656.4671781187458919       0.9736762437969446
     656.4673782521681460       1.0109437676146626
     656.4675783855904001       1.0341878309845924
     656.4677785190126542       1.0137135237455368
     656.4679786524349083       1.0794726908206940
     656.4681787858572761       1.0606938600540161
     656.4683789192795302       0.9352686777710915
     656.4685790527017843       1.0657768025994301
     656.4687791861240385       1.1070322766900063
     656.4689793195464063       1.0473832041025162
     656.4691794529686604       1.0127847539260983
     656.4693795863909145       0.9423424713313580
     656.4695797198131686       0.9906823681667447
     656.4697798532355364       0.9410858638584614
     656.4699799866577905       0.9485103189945221
     656.4701801200800446       1.0137302447110415
     656.4703802535022987       0.9815662018954754
     656.4705803869246665       1.0448590777814388
     656.4707805203469206       1.0543384663760662
     656.4709806537691748       1.0066855712793767
     656.4711807871914289       0.9805704168975353
     656.4713809206137967       0.9999531241628574
     656.4715810540360508       0.9906028686091304
     656.4717811874583049       1.0689358115196228
     656.4719813208805590       1.0060893995687366
     656.4721814543029268       1.0545735619962215
     656.4723815877251809       0.9499939382076263
     656.4725817211474350       0.9700332880020142
     656.4727818545696891       0.9638385996222496
     656.4729819879919432       1.0289481487125158
     656.4731821214143110       1.0411542728543282
     656.4733822548365652       1.0102026378735900
     656.4735823882588193       0.9130265563726425
     656.4737825216810734       0.9741394575685263
     656.4739826551034412       1.0438359677791595
     656.4741827885256953       0.9839897491037846
     656.4743829219479494       1.0358456857502460
     656.4745830553702035       1.1135719791054726
     656.4747831887925713       0.9859013231471181
     656.4749833222148254       0.9801956582814455
     656.4751834556370795       0.9803862106055021
     656.4753835890593336       0.9890715340152383
     656.4755837224817014       0.9644973166286945
     656.4757838559039556       1.0002311693242518
     656.4759839893262097       1.0038237392436713
     656.4761841227484638       0.9687645044177771
     656.4763842561708316       1.0057314420118928
     656.4765843895930857       1.0322036147117615
     656.4767845230153398       0.9929315820336342
     656.4769846564375939       1.0031814356334507
     656.4771847898599617       1.0060854102484882
     656.4773849232822158       0.9922161167487502
     656.4775850567044699       1.0174191296100616
     656.4777851901267240       1.0119005115702748
     656.4779853235490918       1.0000380663659598
     656.4781854569713460       0.9692411068826914
     656.4783855903936001       0.9429828524589539
     656.4785857238158542       0.9636516161262989
     656.4787858572381083       0.9467507414519787
     656.4789859906604761       1.0785169228911400
     656.4791861240827302       0.9311928600072861
     656.4793862575049843       1.0286924578249454
     656.4795863909272384       1.0883484035730362
     656.4797865243496062       0.9843690861016512
     656.4799866577718603       0.9178243651986122
     656.4801867911941144       1.0077936612069607
     656.4803869246163686       0.9523007906973362
     656.4805870580387364       1.0577491782605648
     656.4807871914609905       0.9816287513822317
     656.4809873248832446       1.0152042079716921
     656.4811874583054987       0.9909969577565789
     656.4813875917278665       0.9668236263096333
     656.4815877251501206       0.9408141076564789
     656.4817878585723747       0.8936924189329147
     656.4819879919946288       0.9610645398497581
     656.4821881254169966       1.0403572954237461
     656.4823882588392507       0.9690963178873062
     656.4825883922615049       0.9969927885103971
     656.4827885256837590       1.0326350294053555
     656.4829886591061268       1.0249911081045866
     656.4831887925283809       1.0749362483620644
     656.4833889259506350       0.9539824947714806
     656.4835890593728891       1.0234840065240860
     656.4837891927951432       1.0130904717370868
     656.4839893262175110       1.0011274658609182
     656.4841894596397651       1.0394295863807201
     656.4843895930620192       1.0529570691287518
     656.4845897264842733       0.9919372079893947
     656.4847898599066411       0.9149643778800964
     656.4849899933288953       1.0708191394805908
     656.4851901267511494       0.9644823707640171
     656.4853902601734035       0.9646381177008152
     656.4855903935957713       1.0174961891025305
     656.4857905270180254       1.0495949499309063
     656.4859906604402795       0.9690604675561190
     656.4861907938625336       1.0434910692274570
     656.4863909272849014       0.9945766893215477
     656.4865910607071555       1.0440363734960556
     656.4867911941294096       1.0385700538754463
     656.4869913275516637       1.0174743309617043
     656.4871914609740315       0.9945014165714383
     656.4873915943962857       0.9829877428710461
     656.4875917278185398       1.0487024746835232
     656.4877918612407939       0.9862738372758031
     656.4879919946631617       1.0079257460311055
     656.4881921280854158       1.0284666661173105
     656.4883922615076699       1.0061191744171083
     656.4885923949299240       0.9595891349017620
     656.4887925283522918       1.0398355349898338
     656.4889926617745459       0.9789799246937037
     656.4891927951968000       0.9202732220292091
     656.4893929286190541       1.0370336137712002
     656.4895930620413083       0.9628759697079659
     656.4897931954636761       1.0378466807305813
     656.4899933288859302       0.9951962209306657
     656.4901934623081843       1.0973082184791565
     656.4903935957304384       0.9797807056456804
     656.4905937291528062       1.0486519969999790
     656.4907938625750603       1.0793927609920502
     656.4909939959973144       1.0222978089004755
     656.4911941294195685       0.8586362451314926
     656.4913942628419363       0.9655895717442036
     656.4915943962641904       0.9600867070257664
     656.4917945296864445       0.9176761507987976
     656.4919946631086987       1.0138143328949809
     656.4921947965310665       0.9858682258054614
     656.4923949299533206       0.9626781828701496
     656.4925950633755747       1.0181522648781538
     656.4927951967978288       0.9881510371342301
     656.4929953302201966       0.9673298001289368
     656.4931954636424507       0.9890679866075516
     656.4933955970647048       1.0259084440767765
     656.4935957304869589       1.0345654413104057
     656.4937958639093267       0.9918460398912430
     656.4939959973315808       0.9421047493815422
     656.4941961307538350       0.9114868715405464
     656.4943962641760891       1.0404468327760696
     656.4945963975983432       0.9970572630409151
     656.4947965310207110       1.0318742394447327
     656.4949966644429651       1.0201938245445490
     656.4951967978652192       1.0000988797764876
     656.4953969312874733       0.9900252642109990
     656.4955970647098411       0.9696059431880713
     656.4957971981320952       0.9644760824739933
     656.4959973315543493       1.0979520604014397
     656.4961974649766034       0.9680624045431614
     656.4963975983989712       0.9434406496584415
     656.4965977318212254       1.0150381671264768
     656.4967978652434795       0.9697106387466192
     656.4969979986657336       0.9691611230373383
     656.4971981320881014       1.0300800204277039
     656.4973982655103555       1.0138785233721137
     656.4975983989326096       1.0228224694728851
     656.4977985323548637       0.9838422145694494
     656.4979986657772315       0.9973124954849482
     656.4981987991994856       1.0452670231461525
     656.4983989326217397       0.9819947127252817
     656.4985990660439938       1.0576232783496380
     656.4987991994663616       0.9180955067276955
     656.4989993328886158       1.0289121549576521
     656.4991994663108699       0.9970524997916073
     656.4993995997331240       1.0006785443401895
     656.4995997331554918       0.9513614661991596
     656.4997998665777459       0.8873099088668823
     656.5000000000000000       1.0596089325845242
